10000
899714
899447
899318
899082
898997
898987
898932
898770
898689
898630
898598
898592
898361
898354
898298
898255
898242
898235
898224
898189
898027
897776
897701
897646
897617
897575
897283
897197
897128
897057
896642
896630
896522
896518
896467
896394
896126
895943
895871
895871
895823
895776
895548
895515
895488
895443
895381
895351
895341
895057
894960
894930
894892
894677
894575
894541
894497
894364
894332
894331
894214
894214
894209
894052
893967
893915
893879
893822
893723
893706
893645
893577
893442
893437
893436
893218
893202
893139
893090
893079
893027
892947
892894
892873
892732
892711
892593
892592
892549
892526
892392
892269
892246
892157
891904
891833
891565
891529
891319
891296
891231
891231
891166
890968
890900
890815
890813
890784
890758
890589
890561
890468
890426
890209
890166
890139
890114
890066
890048
890003
889766
889580
889571
889386
889302
889228
889185
888836
888717
888691
888685
888675
888652
888573
888407
888365
888362
887958
887920
887814
887760
887630
887552
887504
887158
886983
886693
886600
886507
886423
886300
886222
886130
886004
885631
885593
885528
885509
885403
885387
885339
885318
885120
884916
884865
884777
884681
884537
884416
884340
884308
884291
884282
884162
884004
883629
883529
883528
883468
883445
883225
883201
883191
883140
882873
882741
882605
882509
882378
882376
882236
882180
882142
882107
882024
881865
881390
881297
881221
881209
880989
880965
880575
880486
880426
880393
880382
880365
880354
880347
880286
880257
880249
880224
880187
880135
879952
879885
879827
879780
879688
879499
879429
879385
879323
879147
879123
879121
879098
879076
878999
878974
878656
878623
878482
878433
878397
878068
877989
877923
877904
877854
877838
877831
877695
877673
877656
877533
877447
877435
877324
877291
877145
877114
877093
876882
876825
876797
876787
876735
876595
876563
876505
876448
876434
876319
876148
876060
875937
875932
875918
875855
875644
875592
875540
875473
875432
875332
875159
874990
874957
874896
874837
874746
874724
874633
874562
874486
874161
874118
874046
873907
873861
873780
873724
873719
873634
873557
873459
873295
873174
873145
873003
872856
872617
872500
872392
872337
872140
872092
871987
871976
871780
871647
871644
871627
871617
871447
871384
871349
871258
871135
871081
870969
870917
870732
870686
870603
870602
870548
870469
870462
870330
870146
870057
870001
869902
869798
869666
869341
869239
869205
868946
868873
868861
868797
868740
868711
868455
868116
868045
868030
867963
867804
867777
867723
867553
867412
867170
867161
866918
866852
866830
866818
866763
866558
866451
866216
866073
865931
865824
865822
865528
865488
865465
865311
865218
865211
865177
865122
865039
865030
864962
864713
864648
864482
864351
864348
864328
864304
864047
863945
863874
863867
863859
863788
863786
863660
863508
863488
863471
863352
863196
862734
862719
862594
862485
862475
862464
862394
862361
862356
862354
862327
862292
862257
862140
861928
861873
861753
861381
861293
861266
861252
861180
861141
861099
860828
860721
860654
860650
860537
860487
860479
860200
860189
860178
860016
859950
859935
859873
859780
859756
859691
859591
859437
859379
859273
859087
858965
858889
858716
858700
858665
858526
858361
858341
858330
858308
858102
857870
857734
857725
857720
857703
857681
857451
857408
857404
857289
857039
856908
856884
856777
856176
855775
855088
854992
854729
854587
854573
854555
854460
854407
854349
854172
854145
854098
853980
853804
853783
853780
853675
853627
853546
853506
853503
853385
853236
853215
853208
852976
852961
852943
852924
852793
852758
852758
852756
852536
852487
852308
852191
852098
851975
851904
851899
851862
851684
851621
851566
851458
851415
851392
851297
851263
851177
851176
851102
851009
850961
850801
850739
850550
850508
850497
850310
850281
850207
850153
850050
849920
849892
849749
849632
849606
849543
849495
849290
849278
849268
849145
849085
849015
848869
848864
848694
848607
848102
848091
848007
847850
847737
847708
847680
847665
847586
847577
847576
847550
847549
847507
847472
847183
847160
847057
846861
846732
846701
846699
846658
846545
846482
846430
846406
846284
846232
846162
845887
845652
845641
845640
845606
845504
845434
845374
845307
845270
845270
845167
845056
845004
844892
844762
844755
844508
844431
844282
844133
844103
844081
844073
844027
843949
843910
843823
843754
843750
843712
843559
843469
843446
843416
843358
843210
843021
842921
842859
842821
842820
842817
842714
842543
842524
842338
842175
842073
842065
841954
841880
841789
841775
841744
841714
841633
841491
841376
841055
840960
840633
840603
840593
840419
840409
840356
840275
840272
840207
840042
839997
839990
839757
839752
839720
839692
839649
839605
839467
839451
839388
839169
838865
838778
838547
838116
837962
837879
837771
837720
837520
837510
837450
837386
837252
837240
837182
837173
837167
837097
837087
837058
837044
837036
837006
836662
836552
836499
836373
836276
836219
836168
836141
835910
835575
835555
835506
835461
835434
835291
835272
835025
835005
834937
834928
834926
834907
834515
834405
834376
834352
834251
834171
834098
834080
833909
833820
833788
833703
833671
833384
833382
833245
833214
833202
833170
833158
833156
833139
832953
832831
832818
832708
832700
832478
832473
832251
832242
832197
832196
832156
831977
831897
831846
831626
831315
831314
831214
831205
831202
831173
830931
830864
830860
830657
830610
830590
830524
830355
830307
830295
830060
830011
830000
829739
829692
829666
829547
829519
829433
829404
829394
829151
829142
829115
828850
828740
828736
828608
828544
828531
828446
828309
828294
828226
828184
828172
828166
828164
828080
827965
827928
827814
827784
827784
827611
827439
827409
827278
827249
827099
827098
827056
827018
826878
826734
826709
826701
826507
826500
826374
826374
826230
826204
826076
826073
825775
825711
825638
825557
825534
825517
825453
825303
825033
825018
824869
824732
824672
824659
824555
824517
824407
824400
824311
824298
824289
824283
824206
824126
824119
824110
824096
824077
824065
824045
823999
823995
823943
823789
823723
823562
823541
823474
823424
823253
823211
823205
823182
823117
822968
822872
822834
822595
822570
822488
822479
822425
822309
822266
822214
822157
822105
821977
821788
821659
821443
821425
821373
821342
821328
821323
821232
821213
821193
820643
820528
820497
820433
820374
820345
820207
820010
819777
819676
819643
819553
819552
819529
819415
819351
819119
819060
818758
818620
818542
818469
818306
818294
818249
818111
817947
817830
817565
817364
817327
817101
817094
817078
817018
816881
816638
816624
816545
816505
816426
816391
816320
816304
816304
816198
816072
816041
815994
815974
815895
815823
815733
815647
815487
815442
815440
815367
815357
815004
814880
814835
814649
814529
814478
814439
814411
814319
814297
814130
814110
814092
814072
814021
813740
813719
813701
813676
813656
813603
813568
813549
813439
813410
813332
813325
813321
813250
813172
813165
813092
812901
812865
812779
812673
812593
812405
812295
812288
812051
811842
811773
811723
811694
811687
811509
811475
811460
811457
811448
811377
811191
811067
810890
810663
810642
810580
810557
810521
810378
810011
809895
809847
809771
809759
809502
809483
809403
809234
809036
809027
808779
808689
808678
808568
808553
808532
808468
808451
808438
808341
808213
808179
808154
808079
808079
808040
807622
807517
807467
807364
807315
807246
807197
807177
807083
806881
806868
806774
806744
806606
806530
806511
806312
806310
806296
806186
806065
806050
805987
805894
805852
805565
805476
805456
805437
805399
805347
805241
805060
804934
804892
804849
804818
804746
804716
804705
804605
804565
804540
804153
804050
804038
803914
803790
803649
803633
803268
802888
802851
802791
802671
802494
802441
802356
802236
802107
802100
801875
801817
801490
801353
801194
801175
801018
800726
800698
800661
800582
800548
800548
800538
800504
800479
800409
800403
800393
800390
800353
800338
800264
800198
799997
799982
799934
799878
799825
799775
799642
799609
799513
799305
799303
798971
798945
798850
798799
798793
798574
798520
798461
798415
798282
798261
797904
797751
797603
797592
797534
797364
797236
797080
797080
797078
797072
796814
796618
796536
796436
796342
796267
796266
796125
795825
795773
795710
795693
795629
795504
795380
795071
795042
794823
794776
794733
794727
794680
794476
794309
794195
793887
793741
793697
793668
793641
793620
793547
793200
793185
793162
793099
793073
793001
792913
792887
792854
792606
792551
792543
792467
792216
792161
792035
791948
791935
791848
791806
791790
791709
791701
791574
791528
791372
791166
791054
791045
790922
790884
790704
790609
790463
790431
790019
789952
789697
789549
789516
789386
789162
789064
789056
789041
789039
788880
788860
788723
788362
788208
788204
787884
787668
787658
787645
787553
787523
787220
787201
787076
787057
787004
786947
786706
786695
786598
786500
786462
786184
786175
786095
786074
786028
786006
785936
785823
785652
785443
785355
785107
784985
784951
784864
784769
784718
784714
784660
784620
784611
784458
784349
784340
783991
783981
783793
783536
783284
783175
783070
783037
782969
782916
782842
782709
782690
782670
782646
782520
782500
782463
782381
782184
782127
782087
781982
781878
781836
781783
781677
781486
781389
781157
780962
780907
780701
780644
780639
780388
780266
780222
779800
779657
779440
778946
778893
778794
778716
778679
778581
778529
778473
778470
778460
778455
778440
778408
778332
778270
778174
778100
778007
778003
777988
777798
777773
777657
777428
777383
777364
777274
777184
777181
777157
776876
776824
776754
776703
776633
776559
776529
776263
776231
776113
776046
775912
775879
775850
775721
775565
775538
775273
775221
775160
775072
774898
774832
774784
774761
774661
774591
774369
774358
774334
774330
774317
774209
774123
774069
773967
773647
773477
773417
773227
773086
773007
772925
772788
772768
772682
772620
772536
772507
772436
772307
772223
772173
772172
772027
771812
771738
771717
771618
771592
771526
771461
771347
771316
771304
771284
770995
770957
770945
770909
770655
770625
770593
770548
770539
770430
770324
770296
770262
770210
770159
770140
770100
770073
769958
769919
769853
769852
769725
769719
769522
769202
769049
768989
768961
768896
768880
768829
768828
768739
768722
768658
768610
768514
768124
768102
768097
768090
767836
767662
767641
767566
767546
767497
767452
767356
767269
767229
767220
767051
766912
766791
766772
766723
766604
766493
766414
766220
766100
765888
765799
765651
765627
765533
765531
765343
765019
764773
764743
764679
764500
764419
764376
764266
764159
763863
763758
763715
763650
763618
763553
763553
763542
763387
763335
763105
763009
762837
762524
762510
762463
762429
762045
761828
761814
761807
761735
761600
761530
761366
761320
761316
761281
761226
761140
760936
760872
760813
760564
760426
760059
760054
760007
759917
759852
759702
759638
759605
759431
759416
759385
759227
759023
758991
758989
758811
758810
758668
758395
758293
758207
758123
758106
758035
758026
757986
757973
757939
757452
757323
757310
757300
757168
757099
756971
756934
756764
756736
756692
756631
756625
756540
756534
756484
756452
756323
756288
756283
756187
756049
756000
755957
755790
755758
755751
755626
755566
755534
755444
755400
755364
755333
755012
754928
754913
754847
754822
754748
754677
754634
754536
754531
754498
754444
754360
754258
754228
754174
754153
754151
754075
753737
753729
753257
753254
753213
753210
753199
753196
753175
753157
753142
753006
753002
752946
752893
752839
752796
752780
752649
752589
752554
752525
752468
752379
752275
752260
752111
752080
752061
752047
751875
751820
751619
751611
751546
751391
751339
750876
750438
750360
750353
750262
750197
750022
749770
749763
749761
749662
749636
749481
749369
749363
749242
749240
749223
749214
749072
748948
748876
748657
748625
748541
748428
748393
748276
748113
748043
747997
747944
747922
747753
747654
747468
747459
747420
747319
747260
747170
746748
746637
746550
746432
746328
746153
746102
746047
745977
745910
745873
745700
745673
745636
745601
745509
745394
745368
745338
745327
745252
745188
745111
745034
744988
744736
744682
744468
744386
744381
744360
744357
744230
743799
743789
743652
743562
743225
743172
743097
743082
742759
742573
742553
742404
742247
742188
742152
742094
741984
741777
741668
741636
741507
741393
741340
741305
741304
741067
740873
740865
740738
740716
740660
740644
740626
740319
740238
740159
740157
740144
740129
740111
740105
740029
739916
739831
739682
739628
739614
739524
739495
739439
739361
739341
739262
739175
739051
739003
738865
738836
738724
738528
738525
738233
738231
738222
738017
737981
737926
737877
737783
737754
737650
737545
737446
737165
737156
737091
737049
737013
736872
736719
736706
736681
736676
736620
736585
736492
736457
736374
736361
736350
736245
736198
736176
736068
736067
735915
735784
735601
735542
735533
735347
735166
735107
735018
734749
734709
734688
734687
734666
734595
734351
734239
734198
734089
733469
733243
733209
733018
733006
732981
732898
732696
732555
732550
732504
732422
732360
732319
732103
732101
732090
732085
731957
731945
731945
731807
731623
731576
731295
731076
731038
730886
730778
730759
730621
730617
730466
730330
730218
730189
730118
730112
730071
729988
729945
729886
729869
729688
729510
729154
729104
728959
728847
728696
728687
728629
728601
728553
728483
728366
728283
728254
728207
728178
728122
728103
728042
727984
727952
727820
727667
727629
727515
727511
727414
727366
727179
727054
727040
726780
726688
726643
726518
726399
726319
726238
726118
726033
725960
725927
725906
725728
725718
725703
725505
725410
725374
725278
725106
725062
724949
724857
724639
724615
724540
724530
724502
724472
724319
724156
724095
724085
724049
724041
723897
723856
723856
723850
723699
723678
723661
723453
723430
723421
723314
723274
723237
723107
723047
722944
722747
722701
722594
722540
722505
722333
722255
722150
722135
722062
721984
721919
721914
721681
721379
721372
721283
721154
721133
721075
720961
720672
720666
720617
720565
720562
720540
720462
720223
720212
720210
720074
720060
719919
719828
719821
719788
719530
719522
719206
719099
719065
718910
718872
718827
718699
718633
718482
718273
718167
717839
717689
717640
717463
717445
717333
717258
717068
716686
716651
716619
716606
716358
716261
716251
716218
716210
716131
716095
716044
716020
715989
715729
715692
715434
715412
715371
715369
715220
715213
715149
715021
714954
714926
714870
714851
714789
714613
714552
714550
714461
714445
714262
714244
714205
713942
713920
713859
713700
713545
713369
713306
713140
713116
713094
713022
713002
712999
712956
712927
712926
712904
712882
712874
712713
712693
712522
712512
712485
712399
712364
712333
712235
712124
712093
712064
711847
711717
711587
711501
711325
710962
710793
710715
710696
710676
710624
710509
710447
710357
710288
710102
710092
710010
709939
709808
709608
709364
709346
709345
708914
708655
708647
708634
708577
708553
708474
708318
708106
708011
707960
707940
707887
707882
707789
707716
707608
707465
707451
707231
707098
707088
707012
706672
706645
706627
706464
706439
706435
706321
706299
706273
706058
706044
705938
705929
705916
705866
705814
705714
705601
705591
705532
705489
705425
705390
705307
705094
705061
705011
704991
704960
704956
704934
704928
704854
704810
704779
704591
704508
704305
704281
704209
704116
704086
704060
704043
704022
703979
703962
703849
703635
703482
703457
703313
703135
703075
703046
703032
702963
702922
702884
702870
702856
702661
702656
702547
702479
702399
702355
702298
702132
702095
701991
701848
701529
701508
701481
701394
701303
701215
700744
700589
700556
700530
700503
700358
700297
700297
700244
700148
700111
699956
699896
699800
699787
699688
699585
699574
699546
699350
699326
699252
699163
699128
698989
698960
698791
698761
698599
698516
698422
698391
698029
698018
697823
697785
697739
697736
697526
697409
697343
697318
697234
697201
697130
697108
697068
696899
696835
696721
696692
696605
696511
696373
696094
696031
695940
695881
695879
695851
695820
695798
695758
695671
695652
695608
695607
695558
695271
695001
694983
694944
694899
694829
694688
694438
694358
694191
694143
693781
693745
693207
693135
693063
693030
692875
692745
692624
692502
692347
692270
692254
692134
692094
691832
691829
691801
691756
691597
691549
691350
691106
691028
690927
690900
690886
690738
690157
690071
690029
689859
689846
689842
689823
689791
689776
689695
689575
689152
689138
689129
689087
689081
688958
688932
688887
688836
688719
688591
688547
688072
687772
687768
687397
687380
687318
687309
687304
687215
687179
686979
686892
686880
686633
686482
686290
686101
686083
686043
686037
685895
685838
685817
685793
685776
685583
685566
685523
685333
685278
685171
685147
685123
685115
685027
684945
684811
684767
684731
684716
684708
684558
684556
684518
684488
684484
684459
684156
684049
684044
684018
684010
683842
683838
683612
683579
683512
683509
683487
683384
683378
683377
683341
683304
682669
682629
682470
682426
682347
682329
682235
682160
681800
681724
681607
681600
681557
681467
681377
681346
681104
680931
680887
680710
680667
680632
680592
680546
680489
680441
680380
680301
680271
680257
680195
680007
679975
679936
679931
679865
679848
679673
679666
679609
679566
679546
679523
679497
679482
679451
679441
679310
679288
679175
678942
678941
678801
678638
678616
678522
678448
678414
678127
678104
678102
678057
677949
677881
677854
677759
677426
677424
677422
677409
677286
677268
677188
677111
676935
676889
676860
676837
676700
676618
676594
676505
676465
676417
676357
676343
676207
676183
676167
676101
676101
676100
676051
676032
675951
675859
675721
675534
675509
675375
675317
675144
675096
675026
674938
674924
674829
674662
674660
674647
674643
674624
674424
674312
674163
674129
673955
673915
673891
673843
673823
673815
673570
673546
673384
673370
673089
672947
672714
672653
672584
672497
672487
672447
672425
672423
672381
672250
672241
672159
672093
671874
671802
671739
671673
671636
671606
671590
671543
671482
671340
671264
671241
671220
670930
670793
670787
670690
670642
670629
670494
670465
670465
670342
670143
670101
670041
670022
669920
669818
669608
669600
669487
669348
669227
669206
669077
669046
669045
668993
668977
668940
668782
668737
668708
668668
668664
668598
667953
667836
667704
667577
667512
667304
667200
667030
666990
666951
666939
666813
666794
666424
666350
666182
666111
666095
665952
665928
665812
665791
665657
665606
665448
665047
665034
664943
664849
664837
664766
664725
664639
664627
664598
664583
664540
664366
664322
664311
664295
663720
663669
663657
663558
663530
663394
663390
663290
663282
663268
663164
663157
663146
663039
662892
662762
662692
662686
662665
662431
662297
662226
661754
661742
661666
661605
661486
661468
660979
660867
660747
660737
660465
660462
660399
660168
660076
660038
659882
659834
659648
659348
659184
659170
659102
658998
658839
658730
658695
658668
658562
658496
658397
658388
658377
658254
658240
658210
657818
657644
657604
657545
657334
657275
657167
657016
656987
656985
656920
656904
656847
656612
656304
656173
656114
655980
655923
655752
655692
655619
655521
655486
655470
655263
655259
655154
655098
655028
655011
654990
654959
654933
654700
654566
654512
654480
654417
654360
654333
654250
654223
654183
654165
654164
653815
653784
653534
653504
653307
653276
653237
653222
653127
652985
652962
652959
652845
652549
652341
652304
652246
652090
651819
651509
651472
651272
651198
651148
651141
651132
651030
650921
650915
650822
650528
650497
650481
650379
650299
650212
650175
650145
650026
650021
650007
649987
649907
649904
649824
649776
649662
649520
649411
649298
649136
649025
648734
648660
648605
648504
648342
648227
648198
647761
647621
647548
647391
647325
647271
647231
647209
647078
646823
646809
646729
646727
646692
646691
646680
646400
646264
646189
646158
646146
646033
645807
645772
645635
645583
645500
645465
645463
645430
645400
645360
645239
645219
645086
645008
644826
644449
644355
644321
644100
643894
643788
643661
643601
643366
643244
643039
642859
642811
642760
642726
642700
642681
642494
642490
642391
642336
642269
642160
642113
641984
641953
641919
641725
641682
641479
641287
641225
641180
641127
641109
641031
641023
641007
640943
640918
640841
640802
640762
640726
640534
640447
640305
640218
640114
640041
640013
639992
639987
639832
639753
639688
639443
639438
639383
639314
639232
639211
639057
639052
639050
638739
638653
638486
638234
638221
637987
637926
637777
637712
637711
637703
637597
637578
637547
637520
637417
637388
637256
637255
637162
637083
637074
637006
636908
636806
636772
636726
636568
636482
636406
636197
636124
636069
635987
635949
635588
635347
634945
634721
634633
634591
634558
634540
634447
634394
634344
634309
634237
634061
634027
634015
633816
633744
633695
633654
633626
633619
633440
633434
633217
633215
633183
633119
632966
632844
632793
632598
632550
632549
632501
632354
632163
632052
631952
631795
631743
631721
631719
631694
631682
631603
631538
631334
631323
630974
630973
630961
630926
630901
630895
630708
630700
630628
630319
630317
630146
630060
630039
630031
629931
629917
629906
629849
629810
629684
629594
629544
629482
629415
629321
629245
629237
629021
628900
628625
628599
628597
628538
628494
628471
628437
628277
628120
628038
627930
627922
627720
627640
627424
627221
627194
627150
626771
626536
626517
626441
626381
626212
626174
626160
626109
626097
626022
625940
625469
625433
625408
625353
625342
625319
625210
625151
625094
625041
624995
624956
624805
624758
624493
624471
624432
624379
624231
624222
624199
624033
624027
623969
623848
623785
623773
623759
623683
623557
623534
623308
623296
623250
623071
623071
622903
622865
622810
622741
622533
622530
622516
622488
622351
622290
621892
621857
621717
621605
621514
621449
621377
621306
621285
621229
621100
621007
620985
620917
620800
620699
620685
620529
620471
620044
620031
620002
619878
619826
619783
619663
619649
619644
619583
619219
619215
619181
618982
618955
618909
618887
618811
618754
618528
618371
618221
618123
617801
617799
617293
617115
617110
617053
616942
616870
616710
616617
616605
616442
615943
615873
615774
615520
615466
615462
615399
615370
615170
614954
614916
614893
614793
614790
614578
614532
614337
614179
614121
614111
614078
613975
613723
613665
613503
613297
613207
613184
613056
612709
612561
612436
612402
612316
612058
612033
611705
611624
611433
611197
611181
611163
611152
610963
610944
610798
610784
610766
610671
610642
610480
610326
610290
610140
610077
610022
610007
609792
609709
609703
609593
609585
609577
609486
609089
609055
608788
608777
608453
608432
608425
608351
608333
608258
608187
608113
608058
608018
607764
607685
607511
607507
607396
607144
607107
607082
607018
606888
606798
606570
606446
606297
606254
606095
606000
605945
605901
605752
605668
605625
605340
605330
605271
605228
605148
605142
604731
604637
604564
604506
604417
604400
604331
604187
604180
604123
604113
603955
603927
603881
603808
603804
603760
603727
603725
603638
603605
603523
603463
603148
603115
602980
602929
602647
602645
602634
602588
602533
602384
602305
602293
602094
602051
601953
601884
601766
601763
601753
601717
601501
601389
601364
601360
601260
601005
600811
600786
600645
600516
600357
600260
600158
600150
600135
600118
600099
600072
600044
599987
599847
599765
599719
599704
599602
599215
599147
599051
599035
598950
598552
598404
598363
598261
598221
598175
598172
598168
597956
597951
597870
597625
597625
597613
597496
597362
597327
597204
597195
597194
597183
597137
597076
596975
596745
596633
596579
596553
596270
596148
596141
596013
595975
595774
595708
595644
595630
595602
595436
595386
595377
595361
595279
595269
595194
594983
594972
594959
594715
594552
594442
594372
594302
594241
593975
593890
593844
593735
593445
593442
593300
593223
592838
592813
592704
592693
592642
592614
592576
592524
592520
592366
592351
591941
591772
591684
591613
591503
591234
591144
591127
591114
591027
591022
590990
590960
590800
590506
590469
590364
590229
590140
590107
590072
590006
589916
589914
589834
589808
589771
589721
589653
589620
589585
589389
589226
589065
588998
588968
588964
588813
588794
588681
588559
587883
587873
587555
587544
587351
587038
586826
586789
586550
586531
586521
586389
586215
586093
586073
586025
586003
585991
585934
585889
585879
585595
585541
585530
585516
585450
585433
585423
585419
585411
585404
585235
585181
585093
585046
585027
584892
584891
584861
584684
584649
584583
584513
584509
584139
584083
583982
583951
583937
583862
583845
583537
583481
583355
583269
583240
583227
583190
583038
582936
582835
582822
582816
582790
582769
582750
582637
582632
582594
582539
582533
582371
582288
582272
582256
582235
582084
581998
581960
581940
581877
581289
581288
581230
581225
580863
580762
580616
580580
580477
580456
580425
580205
580183
580177
580120
579987
579715
579714
579422
579408
579368
579363
579205
579071
579023
578958
578909
578856
578818
578791
578743
578671
578667
578612
578602
578336
578075
578058
577932
577914
577864
577728
577706
577584
577515
577459
577456
577432
577325
577301
577144
577034
576935
576931
576837
576834
576737
576732
576554
576507
576385
576354
576292
576225
576222
576066
576058
575805
575644
575542
575517
575478
575449
575431
575403
575360
575306
575296
575235
575161
575020
574968
574701
574670
574603
574302
574241
574186
573882
573874
573868
573831
573739
573737
573690
573629
573584
573566
573491
573451
573120
573116
573013
572865
572764
572758
572714
572453
572444
571960
571841
571816
571804
571779
571735
571734
571570
571494
571404
571388
571352
571055
570696
570609
570594
570591
570465
570436
570402
570306
570149
570014
569991
569860
569815
569717
569678
569238
568903
568813
568722
568502
568448
568338
568122
568022
567816
567727
567640
567638
567447
567347
567337
567299
567292
567173
566966
566835
566612
566551
566544
566350
566341
566174
565901
565855
565784
565747
565361
565101
565016
564735
564668
564642
564623
564604
564473
564349
564320
564187
564143
564069
564047
564040
564017
563924
563839
563695
563662
563460
563321
563286
563148
563133
563018
562958
562858
562830
562760
562727
562687
562642
562635
562604
562589
562455
562277
562242
562153
561376
561270
561147
561110
560998
560625
560560
560440
560418
560341
560262
559897
559743
559731
559639
559606
559485
559213
559190
559154
558784
558753
558751
558751
558643
558624
558596
558259
558252
558242
558170
558100
557975
557756
557513
557456
557390
557252
557199
557136
557071
556623
556609
556421
556408
556277
556212
556161
556000
555924
555911
555718
555709
555486
555364
555310
555298
555207
555134
555133
555036
554986
554676
554647
554474
554448
554440
554398
554333
554159
554147
554116
554006
553927
553925
553868
553857
553751
553740
553634
553548
553454
553401
553370
553271
553159
553103
552968
552959
552897
552780
552756
552639
552630
552484
552467
552369
552335
552186
552062
551980
551868
551540
551484
551410
551368
551264
551137
551120
551081
551070
550969
550962
550746
550694
550659
550431
550400
550342
550249
549926
549907
549854
549747
549688
549684
549658
549639
549576
549445
549418
549113
549049
548870
548807
548681
548485
548328
548219
547947
547944
547943
547834
547747
547565
547459
547370
547318
547210
547124
546989
546976
546844
546622
546619
546433
546233
546208
546174
546055
545957
545914
545845
545680
545671
545657
545622
545523
545421
545267
545229
545204
545128
545050
545045
545002
544985
544898
544813
544599
544431
544431
544395
544352
544058
544037
543992
543972
543634
543543
543459
543454
543271
543240
543045
542983
542843
542800
542776
542711
542674
542496
542486
542460
542417
542390
542293
542247
542120
542092
542085
542070
542047
541982
541884
541616
541450
541224
541218
541193
541080
541030
540992
540870
540741
540661
540563
540549
540476
540409
540214
540178
540106
539837
539647
539542
539387
539295
539277
539201
539147
539143
539045
538812
538738
538496
538408
538331
538268
538246
538074
538045
537974
537947
537915
537902
537707
537618
537404
537008
536826
536575
536562
536396
536291
536275
536240
536179
536077
535789
535516
535491
535388
535166
535054
534940
534635
534521
534287
534275
534264
534229
534218
534187
533989
533949
533945
533918
533869
533753
533657
533614
533591
533517
533436
533428
533305
533282
533227
533003
532887
532778
532693
532686
532649
532572
532498
532358
532186
532098
532065
532028
531852
531722
531715
531462
531409
531369
531366
531319
531315
531287
531196
531189
531072
530785
530778
530567
530500
530429
530394
530292
530252
529907
529904
529807
529801
529798
529707
529633
529556
529200
529099
529013
528975
528884
528849
528684
528665
528594
528562
528526
528485
528426
528305
528290
528212
528136
528075
528068
527994
527987
527901
527703
527597
527352
527284
527184
527060
526972
526968
526968
526921
526827
526827
526719
526551
526532
526491
526235
526143
526061
525904
525864
525833
525716
525664
525654
525436
525269
525051
525030
525026
524735
524675
524637
524503
524056
524031
524026
523875
523847
523839
523752
523687
523682
523620
523446
523337
523286
523234
523201
523149
522762
522753
522657
522647
522620
522457
522444
522442
522399
522396
522224
522127
522103
521826
521706
521403
521278
521249
521106
521087
520974
520943
520904
520716
520680
520662
520424
520360
520126
519993
519917
519871
519837
519769
519760
519550
519297
519271
519229
519062
518866
518834
518834
518651
518545
518305
518205
518030
517943
517826
517771
517764
517735
517732
517688
517647
517568
517491
517307
517281
517270
517186
517116
517109
517051
516866
516864
516802
516718
516713
516470
516447
516275
516245
516243
516197
516126
515997
515896
515862
515575
515458
515438
515358
515272
515237
515140
514934
514929
514891
514876
514808
514801
514777
514750
514631
514301
514270
514232
513930
513830
513824
513751
513586
513481
513428
513383
513319
513165
513122
513080
512870
512823
512659
512476
512344
512265
512220
512144
512082
512056
511598
511555
511456
511318
511280
511214
511162
511128
511095
511055
510984
510681
510634
510547
510457
510375
510318
510309
510261
510150
510123
510101
509868
509790
509778
509777
509544
509503
509496
509423
509384
509262
509176
509091
508905
508857
508713
508597
508464
508085
507943
507915
507789
507734
507727
507701
507617
507257
507068
507044
506984
506840
506800
506710
506708
506637
506566
506564
506231
505953
505770
505715
505706
505652
505504
505373
505347
505270
505189
504943
504887
504824
504624
504565
504501
504464
504457
504419
504314
504211
504139
504089
503849
503777
503774
503771
503558
503356
503009
502988
502894
502779
502666
502598
502525
502475
502461
502343
502324
502311
502294
502241
502174
502143
502015
501868
501815
501746
501743
501698
501390
501344
501121
501010
500944
500931
500809
500789
500545
500534
500446
500421
500332
500316
500256
500190
500122
500084
499728
499074
499015
498925
498824
498751
498699
498677
498398
498378
498360
498327
498186
498099
497996
497985
497979
497922
497755
497696
497478
497376
497211
497095
497069
497058
496958
496922
496696
496688
496418
496266
496263
496125
496071
496000
495879
495521
495182
495163
495084
494969
494965
494653
494594
494467
494251
494065
494003
493976
493820
493720
493611
493538
493517
493503
493426
493396
493350
493204
493061
492949
492857
492748
492649
492581
492544
492542
492521
492468
492293
492119
492029
491983
491936
491564
491431
491361
491331
491309
491145
491065
491001
490997
490910
490839
490795
490622
490545
490521
490474
490458
490283
490176
490163
490020
489920
489917
489882
489800
489773
489652
489477
489392
489385
489274
489157
489133
489108
489073
488956
488920
488920
488916
488825
488810
488759
488622
488618
488511
488439
488247
488205
487595
487542
487529
487506
487288
487210
487133
487096
487039
486934
486881
486843
486825
486791
486781
486701
486591
486538
486504
486436
486363
486324
486105
485951
485723
485586
485571
485470
485445
485390
485228
485070
484916
484579
484507
484500
484496
484490
484350
484313
484261
484259
484211
484094
484090
484054
483979
483949
483836
483750
483633
483538
483470
483416
483322
483249
482438
482424
482277
482248
482221
482195
482174
482024
482002
481993
481980
481863
481812
481669
481599
481576
481301
481224
481018
480955
480793
480642
480562
480558
480462
480444
480401
480375
480310
480199
480084
479992
479959
479934
479865
479863
479846
479538
479530
479495
479493
479297
479256
478979
478937
478779
478614
478500
478445
478362
478305
478232
478220
478140
478132
478090
478057
478007
477749
477734
477476
477415
477378
477346
477311
477263
477187
477047
476857
476819
476440
476306
476233
475914
475877
475856
475824
475784
475674
475673
475552
475476
475261
475114
475012
474917
474906
474901
474599
474552
474454
474225
474098
474091
473922
473656
473559
473300
473262
473253
473243
473211
473130
473047
472942
472873
472658
472561
472524
472514
472374
472314
472240
472181
472018
471964
471842
471735
471713
471699
471611
471534
471443
471442
471374
471319
471291
471226
471218
471216
471107
471043
470978
470958
470942
470923
470912
470753
470752
470730
470659
470492
470460
470338
470299
470238
470220
470063
469907
469867
469826
469823
469704
469698
469530
469477
469434
469178
468838
468838
468826
468802
468731
468717
468705
468593
468577
468546
468545
468440
468421
468415
468329
468284
468165
467899
467849
467797
467778
467746
467599
467481
467413
467409
467378
466815
466605
466595
466579
466475
466388
466296
466282
466099
466024
465939
465882
465810
465742
465720
465570
465498
465356
465265
465209
465157
465153
465121
465004
464870
464862
464791
464789
464761
464746
464647
464172
464045
463724
463657
463425
463363
463259
463240
463226
462980
462925
462630
462558
462516
462410
462358
462259
462235
462132
462031
461966
461773
461610
461539
461379
461258
461155
461112
461037
460967
460553
460472
460299
460094
459999
459908
459862
459729
459643
459593
459354
459268
459209
459171
459126
458931
458831
458784
458631
458508
458487
458267
458187
458115
458069
458039
457928
457901
457743
457652
457340
457045
456899
456695
456670
456413
456355
456351
456329
456176
456092
456090
456013
455620
455448
455319
455205
455001
454991
454788
454751
454560
454465
454406
454376
454276
454226
454080
454042
453872
453792
453696
453636
453615
453589
453392
453129
452944
452696
452681
452640
452579
452544
452533
452434
452433
452285
452194
452112
452007
451996
451939
451781
451778
451625
451366
451296
451288
451243
451241
450789
450785
450548
450418
450359
450099
450024
449998
449976
449523
449366
449300
449245
449104
448979
448947
448885
448841
448714
448689
448446
448346
448338
448210
448152
448114
447912
447799
447752
447719
447659
447630
447630
447431
447361
447327
447227
447212
447141
447129
447063
447055
446894
446880
446827
446799
446757
446637
446386
446357
446191
445890
445845
445745
445744
445666
445649
445553
445518
445493
445452
445339
445205
445132
445079
444825
444810
444748
444691
444684
444536
444457
444424
444405
444231
444139
444094
444049
444037
444021
443873
443817
443542
443410
443400
443372
443318
443318
443054
442925
442822
442814
442804
442560
442302
442227
442218
442061
441826
441579
441535
441485
441463
441329
441277
441229
441192
441075
441066
440938
440760
440743
440651
440508
440488
440437
440290
440199
440143
440053
440052
440039
440030
440001
439676
439669
439559
439509
439338
439328
439265
439202
439140
439125
439116
439106
438973
438835
438658
438484
438382
438308
438157
438107
438051
438044
437996
437924
437894
437762
437643
437625
437482
437224
437172
436983
436959
436943
436925
436841
436798
436467
436458
436411
436088
436047
436029
435905
435892
435685
435560
435469
435442
435416
435355
435342
435275
435199
435130
435054
434832
434820
434814
434670
434588
434338
434329
434321
434299
434158
434121
434055
434004
433991
433907
433879
433806
433685
433649
433635
433628
433581
433558
433160
432937
432857
432797
432742
432675
432575
432494
432370
432256
432115
432030
431992
431968
431909
431864
431842
431834
431670
431530
431280
431278
431183
430900
430854
430832
430816
430554
430549
430430
430324
430296
430282
430250
430228
430128
430111
429882
429773
429678
429541
429519
429404
429175
429136
429023
428764
428764
428635
428481
428418
428359
428192
428060
427984
427909
427893
427719
427556
427495
427404
427317
427179
427174
427170
427137
427119
426937
426879
426752
426627
426618
426618
426580
426434
426223
426214
426041
426022
425887
425862
425540
425504
425457
425382
425233
425182
425077
425040
424942
424928
424916
424873
424871
424852
424841
424752
424589
424562
424452
424358
424266
424218
424084
424018
423930
423906
423866
423772
423732
423589
423338
423228
423176
423157
423149
423146
423095
423070
422998
422926
422921
422848
422805
422746
422734
422666
422621
422430
422348
422315
422156
422054
421982
421950
421911
421862
421765
421606
421479
421267
421244
421240
421132
421106
421083
421035
421022
421013
420906
420787
420486
420383
420077
420065
420055
420053
420041
420027
419867
419771
419669
419255
419133
419078
418864
418307
418283
418151
417988
417959
417936
417834
417816
417812
417720
417534
417455
417317
417167
416860
416792
416744
416631
416596
416506
416432
416358
416260
416176
416135
416101
416025
415964
415820
415645
415639
415550
415526
415493
415161
415031
414893
414563
414541
414399
414315
414262
413970
413964
413951
413889
413796
413590
413477
413439
413315
413263
413253
413221
413083
413060
412826
412759
412661
412566
412556
412476
412474
412212
412118
412006
411965
411947
411945
411560
411491
411375
411256
411204
411084
410966
410963
410931
410845
410834
410648
410344
410016
409953
409935
409898
409863
409630
409390
409385
409336
409223
409153
409071
409027
408883
408778
408630
408601
408591
408569
408472
408360
408243
408207
408153
408013
408006
407962
407883
407849
407839
407685
407684
407659
407645
407515
407452
407416
407377
407318
407277
406932
406775
406724
406674
406663
406663
406486
406214
405956
405903
405902
405891
405883
405830
405806
405793
405681
405601
405558
405490
405443
405360
405312
405308
405234
405200
405169
405050
404976
404831
404743
404681
404637
404515
404487
404451
404415
404330
404242
403948
403740
403570
403484
403473
403466
403444
403322
403302
403281
403157
403096
403096
403007
402864
402857
402850
402845
402636
402493
402433
402429
402166
402034
401950
401846
401726
401711
401521
401456
401287
401153
401057
401021
401016
400994
400967
400946
400938
400923
400833
400809
400736
400661
400542
400516
400505
400384
400353
400309
400299
400281
400156
400046
399893
399864
399657
399632
399602
399545
399523
399232
399103
398984
398927
398882
398871
398788
398766
398542
398521
398494
398420
398385
398223
398212
398031
397704
397631
397617
397594
397478
397449
397347
397244
397084
396912
396867
396829
396685
396646
396625
396488
396425
396301
396260
396061
396051
395884
395834
395820
395811
395809
395574
395503
395396
395227
395189
395180
395095
395068
395033
394912
394728
394647
394530
394412
394341
394282
394265
394196
394125
394020
393915
393914
393864
393808
393747
393720
393715
393637
393616
393439
393417
393404
393237
393210
393187
392895
392864
392645
392644
392615
392478
392426
392370
392323
392210
392127
391991
391989
391703
391372
391333
391298
391223
391210
391201
391142
391100
391056
391030
390916
390909
390620
390309
390278
390196
390173
390058
389980
389730
389669
389628
389570
389351
389243
389189
389019
388899
388752
388703
388460
388174
388106
388019
387608
387317
386747
386742
386699
386596
386486
386288
386250
386210
386180
386158
386150
386116
386102
386076
385992
385834
385807
385752
385747
385628
385512
385412
385407
385112
385082
385027
385010
384737
384565
384324
384304
384161
384021
383991
383906
383868
383813
383806
383614
383578
383572
383429
383410
383395
383350
383327
383225
383109
383076
382989
382980
382970
382943
382727
382524
382336
382040
382037
381868
381741
381722
381661
381644
381495
381471
381373
381364
381230
381037
380945
380741
380519
380279
380224
380174
380048
379803
379648
379600
379477
379402
379391
379369
379364
379261
379253
379037
378951
378852
378807
378723
378720
378677
378616
378578
378477
378395
378368
378227
378156
378019
377922
377759
377733
377726
377556
377489
376997
376995
376785
376694
376667
376627
376596
376512
376333
376299
376286
376268
376247
376227
376092
376080
376072
375982
375889
375817
375741
375583
375375
375322
375317
375292
375110
375073
374975
374930
374824
374701
374575
374516
374327
374196
373913
373912
373751
373720
373677
373328
373306
373213
373166
373090
373086
372992
372990
372939
372751
372669
372398
372229
372213
372201
371873
371849
371719
371491
371452
371441
371294
371228
371189
371130
370986
370974
370729
370506
370427
370336
370147
370121
370075
370021
369894
369891
369774
369615
369321
369289
369220
369050
368943
368826
368661
368632
368392
368366
368359
368333
368328
368276
368085
368032
367960
367776
367700
367699
367642
367639
367495
367471
367425
367420
367419
367399
367368
367367
367301
367234
367223
367202
367150
366824
366763
366400
366265
366216
366196
365986
365877
365857
365518
365486
365429
365256
365222
365158
364930
364898
364844
364814
364663
364643
364604
364586
364528
364491
364378
364330
364279
364169
364116
363997
363821
363684
363670
363536
363532
363387
363376
363303
363198
363163
363152
363137
363073
362839
362835
362791
362770
362184
362178
362116
362030
361951
361838
361819
361782
361700
361658
361305
361252
361199
361192
361112
361099
361010
360957
360917
360866
360794
360671
360638
360614
359947
359711
359676
359578
359547
359470
359427
359342
359307
359142
359074
358972
358895
358894
358817
358504
358191
358176
358006
357918
357687
357670
357629
357382
357359
357178
357162
356776
356761
356648
356608
356421
356304
356055
355670
355572
355546
355346
355330
355276
355182
354770
354746
354711
354645
354568
354438
354189
354038
353949
353927
353885
353747
353419
353400
353196
353113
353026
352686
352635
352619
352404
352336
352297
352192
352116
351916
351852
351773
351697
351665
351629
351623
351591
351306
351185
351149
351107
350967
350932
350925
350807
350779
350667
350662
350656
350595
350574
350309
350164
350152
350136
350111
350107
350065
350045
350005
349775
349756
349739
349693
349608
349600
349450
349325
349286
349252
349214
349086
348915
348857
348815
348809
348675
348661
348633
348579
348250
348178
347857
347834
347815
347783
347711
347056
347003
346995
346995
346944
346829
346651
346607
346458
346288
346007
346006
345991
345970
345821
345712
345452
345385
345228
344937
344884
344855
344800
344770
344742
344620
344539
344486
344479
344432
344219
344074
343984
343818
343782
343647
343449
343301
343112
342919
342830
342526
342370
342354
342174
342172
342071
342063
342010
341961
341709
341645
341635
341502
341435
341394
341247
341124
340913
340838
340797
340686
340682
340488
340458
340425
340407
340333
340276
340226
340200
340156
340114
340074
340050
339950
339892
339833
339697
339671
339574
339476
339385
339033
338934
338764
338749
338696
338672
338573
338376
338143
338096
337950
337926
337859
337779
337702
337602
337542
337538
337512
337357
337207
337198
337191
337089
336781
336630
336539
336517
336239
336200
336131
335908
335787
335601
335558
335554
335538
335464
335417
335405
335327
335168
335168
334837
334789
334651
334459
334459
334337
334226
334224
334140
333905
333740
333718
333655
333534
333497
333491
333270
333164
333024
332628
332578
332545
332452
332313
332176
332142
332027
331982
331977
331927
331895
331671
331532
331482
331419
331130
331051
331018
330843
330799
330691
330652
330611
330554
330491
330479
330405
330300
330015
329908
329905
329873
329772
329771
329140
328912
328775
328772
328688
328462
328276
328259
328230
328226
328203
328077
328061
327955
327837
327806
327715
327674
327630
327599
327260
326943
326636
326630
326590
326582
326409
326389
326226
326163
326103
326068
326009
325780
325690
325675
325658
325581
325496
325477
325273
325216
325185
325161
325136
325076
325045
325038
324878
324857
324711
324695
324408
324369
324358
324164
324063
324014
323788
323769
323704
323693
323671
323550
323522
323486
323485
323441
323435
323396
323337
323257
323193
323175
322964
322741
322740
322721
322688
322628
322434
322402
322359
322326
322294
322144
321995
321969
321852
321840
321768
321503
321445
321388
321382
321250
321182
321175
320977
320974
320937
320929
320919
320864
320759
320747
320657
320592
320418
320349
320256
320164
320157
319979
319852
319849
319748
319743
319476
319376
319321
319275
319005
318865
318843
318803
318766
318713
318702
318649
318623
318488
318404
318359
318299
318239
318221
318189
318126
317944
317922
317921
317874
317730
317716
317664
317599
317503
317493
317381
317346
316957
316951
316748
316734
316611
316602
316488
316448
316304
316263
316154
316144
316062
316022
316022
316019
315871
315860
315843
315818
315701
315690
315659
315387
315353
315352
315276
315070
315035
314910
314807
314781
314583
314558
314542
314310
314236
314032
314004
313959
313931
313910
313896
313849
313756
313524
313521
313402
313257
313154
313129
312882
312855
312849
312775
312705
312567
312410
312387
312180
312157
312070
312004
311892
311890
311751
311741
311541
311466
311459
311322
311173
311125
310933
310896
310865
310853
310804
310751
310426
310117
310071
310065
310058
310037
309928
309854
309486
309368
309282
309199
309156
309119
308995
308782
308603
308456
308393
308204
308182
308172
308039
307816
307808
307779
307763
307635
307366
307348
307315
307236
307197
307089
307048
307005
306861
306786
306786
306497
306483
306428
306348
306332
305974
305942
305844
305694
305618
305009
304793
304774
304684
304654
304578
304489
304389
304359
304344
304254
304230
304229
304189
304099
304057
304015
303869
303865
303806
303759
303673
303560
303496
303444
303083
303068
303032
302838
302753
302753
302698
302598
302592
302589
302484
302264
302233
302004
301852
301842
301206
301203
300913
300855
300834
300828
300699
300686
300558
300518
300491
300412
300408
300353
300269
300243
300230
300048
299792
299664
299440
299428
299275
299168
299107
299073
299051
298715
298414
298018
297996
297895
297828
297808
297766
297625
297550
297445
297406
297344
297301
297166
296933
296916
296914
296860
296729
296680
296576
296494
296332
296167
296126
296068
295982
295925
295797
295774
295698
295687
295626
295533
295472
295416
295403
295347
295335
295276
295275
295149
295147
294863
294786
294746
294721
294708
294620
294577
294477
294390
294238
294072
294059
293941
293735
293715
293551
293420
293358
293357
293295
293122
292980
292884
292800
292773
292644
292622
292328
292323
292290
292286
292258
292233
292205
292077
292070
291888
291783
291721
291713
291597
291573
291464
291368
291227
291224
291118
291105
290881
290565
290560
290554
290503
290291
290193
290175
290007
289984
289965
289964
289963
289961
289946
289813
289787
289509
289337
289183
289022
288982
288913
288912
288840
288737
288694
288692
288408
288384
288342
288135
288091
287663
287659
287593
287550
287543
287387
287372
287302
287269
287215
287183
287166
287128
287017
286979
286860
286786
286778
286730
286702
286661
286656
286470
286459
286453
286376
286339
286327
286304
286165
286118
286104
286007
285953
285937
285875
285870
285869
285686
285643
285552
285386
285343
285191
285182
285011
284972
284956
284943
284816
284720
284595
284466
284424
284307
284275
284168
284116
284077
284063
284020
283917
283857
283743
283709
283476
283354
283260
283235
283085
283077
283050
283037
283034
283012
282808
282795
282540
282507
282429
282421
282302
282290
282116
282072
282048
281648
281579
281528
281459
281112
281064
281017
280891
280842
280813
280678
280546
280212
280032
279905
279786
279488
279453
279263
279244
279162
278923
278825
278749
278727
278543
278523
278455
278351
278345
278241
278223
278068
277741
277668
277604
277580
277527
277514
277471
277404
277282
277254
277147
277116
277109
277050
277016
276960
276755
276751
276738
276728
276703
276693
276619
276570
276551
276160
276030
275885
275802
275695
275576
275453
275393
275352
275344
275320
275188
275108
274907
274832
274680
274536
274461
274109
273933
273881
273735
273685
273444
273414
273409
273382
273336
273183
273026
272994
272934
272772
272370
272212
272201
272010
271979
271840
271713
271712
271702
271572
271496
271391
271234
271155
271076
270882
270821
270606
270552
270523
270476
270413
270412
270397
270331
270308
270282
270273
270139
270101
269740
269731
269660
269595
269574
269450
269446
269416
269387
269289
269266
269129
269100
268858
268856
268671
268651
268592
268441
268397
268312
267872
267859
267767
267683
267650
267600
267587
267514
267490
267489
267473
267427
267290
267257
267152
266936
266902
266880
266766
266722
266655
266614
266588
266585
266544
266509
266476
266290
266193
266052
265996
265990
265905
265901
265849
265813
265788
265369
265292
265288
265254
265141
264919
264855
264574
264549
264374
264236
264214
263792
263728
263558
263203
263000
262978
262793
262696
262680
262676
262641
262589
262561
262550
262544
262391
262390
262369
262335
262288
262224
262208
262115
262097
261959
261886
261818
261707
261673
261651
261626
261477
261474
261308
261138
261018
260933
260920
260762
260683
260549
260492
260433
260257
260187
260160
260029
259973
259913
259882
259807
259800
259733
259652
259613
259606
259459
259248
259191
259140
259130
259051
258934
258607
258476
258462
258307
258305
258209
258198
257918
257916
257747
257681
257556
257552
257542
257508
257473
257388
257386
257244
257196
257182
257175
257135
257088
257048
257042
257036
257015
257003
256972
256968
256837
256782
256703
256624
256442
256308
256247
256115
256009
255890
255877
255858
255821
255712
255667
255610
255497
255449
255446
255437
255265
255031
255028
254933
254837
254447
254444
254274
254171
254166
254111
254080
254003
253810
253715
253588
253555
253503
253436
253267
253252
253192
253126
253098
253039
252978
252757
252723
252702
252701
252657
252555
252019
251357
251108
251084
251031
250948
250885
250791
250743
250654
250580
250422
250281
250280
250273
250105
250069
249850
249825
249787
249744
249714
249628
249453
249442
249287
249211
249197
249122
248985
248977
248976
248955
248901
248739
248706
248594
248495
248431
248321
248292
248175
248107
248090
248047
247951
247928
247718
247704
247692
247681
247595
247562
247533
247441
247286
247210
247157
247016
246979
246934
246663
246504
246497
246463
246422
246414
246207
246116
246074
246065
245992
245941
245908
245773
245591
245490
245339
245288
245270
245169
245035
244870
244764
244617
244406
244261
244119
244069
243960
243798
243730
243475
243421
243412
243317
243257
243147
243114
243109
243016
242622
242501
242383
242246
242162
242155
242109
242026
241788
241615
241606
241529
241425
241283
241043
241000
240944
240889
240826
240817
240809
240772
240648
240559
240415
240236
240203
240134
239886
239807
239786
239663
239467
239344
239268
239091
238978
238942
238886
238875
238850
238743
238726
238678
238648
238635
238572
238544
238493
238275
238203
237914
237855
237710
237609
237471
237449
237326
237284
237007
236982
236826
236791
236758
236695
236682
236644
236549
236519
236504
236449
236300
236178
236159
236085
236052
235995
235914
235884
235861
235766
235725
235670
235559
235545
235394
235378
235375
235280
235089
234986
234927
234761
234571
234489
234432
234399
234310
234225
234041
233956
233862
233736
233718
233658
233648
233508
233280
233160
232957
232800
232765
232439
232301
232238
232182
232163
231961
231856
231795
231784
231780
231767
231481
231467
231330
231292
231282
231219
231171
231068
231050
230984
230912
230818
230723
230623
230591
230587
230503
230489
230458
230305
230138
230115
230090
230063
229962
229945
229873
229809
229700
229616
229581
229422
229350
229343
229267
229234
229167
229165
229089
228967
228865
228805
228746
228721
228537
228524
228502
228324
228297
228238
228189
228171
228115
228025
227802
227795
227684
227540
227469
227439
227325
227221
227086
227073
227046
226844
226750
226557
226454
226212
226138
226120
226019
225912
225845
225809
225799
225784
225746
225704
225559
225453
225276
225191
225157
225083
225076
224940
224865
224781
224711
224686
224678
224533
224521
224472
224438
224412
224399
224398
224364
224347
224143
224089
224015
223909
223854
223694
223588
223557
223535
223453
223449
223408
223366
223065
223053
223028
222977
222679
222571
222518
222502
222417
222136
222090
222018
222001
221999
221934
221783
221735
221631
221618
221593
221452
221405
221379
221126
221061
220991
220958
220759
220627
220621
220595
220536
220496
220496
220102
219809
219738
219671
219593
219547
219544
219522
219375
219364
219314
219295
219195
219156
219147
219080
218969
218712
218544
218484
218433
218373
218358
218282
218213
218052
218052
217962
217854
217836
217810
217481
217449
217441
217436
217433
217433
217390
217180
217134
217067
216929
216912
216907
216879
216732
216682
216621
216610
216516
216480
216384
216288
216260
216196
216024
215937
215926
215848
215759
215758
215563
215525
215348
215346
215338
215281
215274
215133
215129
215129
215055
214965
214877
214861
214857
214842
214761
214679
214651
214469
214446
214415
214410
214393
214368
214302
214288
214171
214148
214019
213967
213860
213850
213816
213776
213683
213676
213602
213531
213453
213363
213139
213031
212867
212761
212743
212675
212654
212598
212591
212521
212455
212391
212146
212043
212025
211977
211959
211796
211662
211636
211615
211579
211573
211563
211528
211432
211237
211124
211016
210954
210704
210690
210670
210565
210518
210490
210343
210340
210157
210089
210074
210015
209990
209986
209965
209922
209877
209779
209773
209609
209598
209334
209316
209223
209152
209115
209105
209037
208968
208940
208930
208834
208816
208799
208776
208628
208587
208464
208437
208371
208361
208327
208321
208239
208198
208143
207829
207755
207669
207500
207432
207421
207371
207362
207331
207317
207267
207147
207128
207122
207093
207087
207033
206814
206787
206651
206574
206453
206245
206185
206134
206067
205848
205692
205668
205579
205542
205171
205164
205049
204996
204987
204817
204764
204738
204729
204652
204572
204527
204249
204181
203921
203897
203886
203753
203543
203483
203402
203351
203284
203215
203124
203124
203105
202975
202781
202773
202670
202464
202435
202381
202241
202236
202227
202173
202109
202084
202072
202052
202016
201824
201719
201471
201433
201428
201417
201332
201197
200958
200953
200867
200816
200764
200764
200715
200707
200664
200593
200565
200490
200474
200382
200316
200270
200221
200179
200150
199991
199913
199743
199618
199347
199181
199178
199103
199009
198601
198334
198256
198181
198161
198139
198126
198125
198114
198113
198101
198073
198023
197869
197744
197661
197642
197639
197605
197600
197498
197468
197441
197421
197198
196838
196837
196635
196488
196461
196398
196387
196331
196192
196175
196076
195965
195959
195941
195893
195887
195848
195785
195654
195571
195560
195507
195497
195231
195218
195128
195080
195046
195004
194827
194787
194635
194611
194561
194524
194509
194395
194363
194360
194353
194177
194115
194086
194083
194049
194046
194037
193950
193940
193874
193831
193826
193815
193743
193627
193556
193533
193530
193388
193296
193150
193125
193071
192946
192860
192669
192597
192583
192582
192272
192251
192230
192179
192157
192006
191977
191882
191699
191587
191542
191538
191466
191398
191194
191157
191118
191066
191000
190890
190688
190535
190474
190394
190382
190264
190146
190094
190028
189962
189947
189708
189678
189406
189383
189262
189252
189064
188935
188922
188877
188756
188677
188486
188475
188404
188403
188393
188328
188147
188130
188094
187912
187834
187769
187595
187544
187541
187414
187370
187272
187269
187235
187207
187204
187127
187123
187086
187022
186973
186791
186560
186430
186276
186267
186110
186069
186038
186023
186006
185910
185542
185528
185526
185479
185267
185049
184987
184685
184553
184534
184306
184183
184164
184107
183816
183774
183656
183390
183376
183250
182947
182945
182944
182935
182795
182758
182748
182633
182552
182524
182404
182341
182324
182309
182203
182165
182121
182084
181943
181941
181789
181691
181520
181280
181193
181137
181033
181008
181006
180840
180772
180634
180561
180549
180464
180341
180305
180047
179983
179716
179679
179625
179344
179279
179183
178972
178946
178748
178669
178657
178642
178539
178458
178437
178409
178386
178369
178323
178279
178241
178141
178017
177927
177905
177827
177788
177752
177658
177564
177495
177447
177323
177189
177092
176612
176597
176584
176463
176379
176247
176050
175955
175876
175846
175829
175651
175631
175597
175571
175495
175423
175404
175381
175356
175295
175293
175281
175185
175182
174975
174969
174759
174418
174194
174183
174067
174027
173962
173959
173914
173868
173818
173811
173776
173759
173689
173608
173546
173429
173395
173395
173331
173321
173290
173256
173241
173188
173124
172936
172918
172887
172493
172461
172398
172311
172225
172189
172106
171985
171951
171925
171922
171803
171762
171724
171598
171497
171487
171410
171396
171070
170892
170860
170766
170708
170291
169897
169796
169776
169726
169669
169554
169544
169475
169413
168820
168564
168539
168444
168381
168261
168181
168162
168129
168092
168079
167996
167795
167751
167645
167604
167347
167121
167024
166866
166843
166571
166439
166416
166369
166356
166351
166221
166027
165974
165952
165938
165834
165741
165650
165622
165570
165550
165337
165288
165258
165192
165082
164975
164913
164891
164687
164580
164475
164382
164116
163961
163916
163912
163839
163734
163688
163648
163616
163594
163446
163439
163422
163399
163334
163327
163270
163082
162907
162665
162561
162487
162289
162142
161949
161624
161415
161353
161277
161160
161151
161087
161059
161036
160909
160901
160888
160874
160816
160658
160498
160497
160463
160443
160313
160260
160190
159944
159879
159773
159743
159738
159705
159662
159655
159639
159623
159616
159608
159587
159579
159576
159572
159569
159520
159230
158911
158856
158850
158794
158783
158761
158688
158685
158391
158309
158122
157879
157733
157502
157354
157351
157330
156945
156923
156690
156485
156476
156347
156307
156172
156028
156022
155872
155862
155847
155822
155785
155715
155649
155637
155569
155522
155342
155286
155226
155216
155011
155005
154941
154719
154648
154611
154603
154589
154429
154279
154132
154124
154095
154022
154001
153827
153733
153638
153572
153341
153258
153180
153152
153148
153085
152998
152983
152962
152940
152814
152721
152410
152179
152019
152017
151982
151934
151612
151597
151344
151303
151094
151011
150913
150761
150661
150641
150538
149954
149842
149802
149780
149722
149706
149579
149515
149461
149424
149404
149309
149005
148931
148897
148870
148865
148529
148447
148352
148337
148253
148221
148175
147927
147877
147871
147841
147797
147768
147706
147696
147535
147519
147411
147398
147380
147357
147338
147246
147108
147019
146979
146900
146870
146810
146782
146775
146709
146707
146637
146539
146520
146501
146488
146352
146253
146117
146078
146063
146049
145958
145834
145711
145608
145599
145387
145214
145205
145147
144942
144917
144839
144811
144771
144543
144515
144510
144457
144403
144303
144162
144101
144038
144007
143988
143985
143757
143695
143633
143561
143274
143199
143194
143149
143035
143013
142975
142886
142460
142360
142326
142325
142309
142132
142080
142026
141911
141869
141761
141657
141632
141407
141372
141325
141151
141129
141005
140999
140978
140938
140923
140893
140814
140587
140477
140315
140140
140066
139734
139725
139705
139426
139137
139103
138870
138807
138688
138629
138625
138268
138251
138160
137914
137889
137877
137745
137706
137704
137670
137629
137563
137489
137413
137368
137253
137065
136740
136719
136682
136634
136633
136615
136600
136576
136516
136395
136375
136321
136311
136308
136273
136233
135962
135956
135947
135919
135503
135362
135193
135134
135028
134918
134855
134848
134822
134744
134676
134630
134550
134547
134422
134408
134385
134368
134211
134162
134093
133937
133911
133887
133798
133711
133458
133390
133296
133230
133228
133143
133112
133007
132934
132842
132678
132675
132664
132635
132623
132517
132478
132411
132349
132347
132170
132115
132091
131866
131865
131776
131677
131533
131417
131212
131166
131070
130639
130619
130617
130494
130346
130320
130131
129796
129354
129251
129231
129162
129140
128994
128946
128651
128512
128452
128336
128181
128158
128120
128111
128009
127929
127872
127859
127789
127733
127713
127572
127566
127546
127483
127448
127329
127263
127248
127226
127186
127159
127078
126957
126718
126681
126601
126431
126429
126420
126392
126366
126224
126128
126106
125985
125965
125797
125765
125745
125604
125589
125585
125551
125034
125012
124914
124873
124674
124615
124515
124511
124425
124268
124166
124030
124030
123975
123944
123758
123719
123589
123574
123478
123437
123432
123321
123083
123059
123031
123017
123011
122996
122923
122827
122822
122550
122500
122440
122437
122380
122342
122209
122066
121967
121964
121869
121772
121665
121533
121449
121443
121440
121425
121361
121190
121031
120857
120842
120681
120662
120594
120540
120523
120522
120481
120411
120377
120234
120201
120022
120016
119912
119809
119650
119574
119535
119333
119299
119274
119123
118869
118822
118812
118727
118644
118550
118516
118498
118483
118401
118288
118082
117840
117806
117760
117718
117691
117633
117447
117384
117333
117260
117158
116944
116943
116743
116663
116327
116321
116281
116035
115858
115766
115731
115708
115693
115671
115631
115468
115030
115007
114931
114789
114781
114673
114646
114602
114522
114463
114358
114330
114228
114213
114014
113866
113788
113699
113634
113476
113446
113444
113441
113422
113411
113378
113323
113273
113260
113195
113176
113157
113128
112989
112976
112814
112662
112645
112542
112541
112528
112504
112480
112466
112438
112355
112296
112208
112182
111932
111848
111845
111831
111779
111666
111376
111373
111216
111213
111089
111048
110916
110829
110785
110705
110579
110426
110079
110064
110054
110043
109997
109988
109935
109933
109927
109714
109556
109541
109479
109463
109139
109063
108993
108951
108836
108793
108725
108720
108707
108694
108620
108506
108448
108431
108289
108218
108212
108123
108021
107954
107904
107869
107860
107696
107671
107663
107624
107608
107564
107426
107390
107244
107216
107207
107169
107159
107155
107060
107007
106931
106922
106912
106862
106722
106564
106532
106373
106367
106347
106273
106152
106087
106069
106028
105883
105793
105779
105746
105694
105646
105385
105361
105341
105128
105124
105085
104910
104835
104727
104553
104384
104168
103945
103787
103774
103707
103311
103144
103088
102717
102699
102623
102518
102499
102331
102256
102051
101998
101907
101890
101867
101507
101501
101432
101037
100964
100779
100630
100601
100587
100568
100532
100500
100468
100449
100353
100170
100068
100027
99939
99923
99885
99868
99776
99557
99518
99444
99410
99401
99291
99229
99173
99134
99118
99087
98780
98758
98745
98520
98204
98190
97926
97567
97411
97403
97320
97317
96817
96612
96587
96586
96508
96455
96409
96391
96318
96245
96240
96180
95818
95780
95743
95686
95638
95545
94906
94877
94606
94593
94545
94374
94348
94151
94112
94075
94036
93973
93893
93655
93651
93534
93357
93158
93061
92977
92942
92936
92899
92777
92753
92740
92677
92654
92546
92466
92460
92409
92358
92285
92284
92074
92059
92002
91723
91680
91516
91351
91302
91291
91280
91186
90975
90701
90497
90113
90077
90039
90023
89895
89879
89866
89843
89823
89781
89555
89439
89434
89332
89250
89233
89138
88967
88797
88667
88612
88610
88465
88170
88166
88079
88075
88051
87961
87914
87828
87757
87656
87612
87487
87480
87308
87164
86997
86986
86855
86835
86692
86571
86188
86078
86068
86053
86048
86030
85880
85877
85787
85707
85689
85686
85670
85636
85627
85450
85410
85233
85008
84980
84906
84870
84828
84712
84673
84623
84573
84338
84327
84185
84183
84179
84118
84070
83863
83709
83668
83166
82999
82924
82840
82697
82602
82555
82552
82396
82347
82326
82158
82119
82113
82085
82005
81991
81988
81918
81723
81670
81527
81411
81372
81087
81063
80916
80748
80554
80326
80291
80207
79990
79656
79652
79610
79579
79552
79490
79479
79356
79322
79138
78972
78819
78675
78664
78637
78517
78156
77996
77793
77756
77720
77527
77351
77233
77099
77049
76841
76596
76546
76544
76521
76514
76359
76327
76243
75893
75853
75729
75445
75387
75313
75247
75215
75208
75040
74985
74688
74679
74660
74535
74482
74160
74110
73988
73337
73328
73317
73254
72916
72872
72765
72704
72675
72555
72459
72447
72427
72278
72207
72115
71935
71931
71900
71775
71741
71686
71572
71449
71202
71012
70934
70803
70751
70637
70464
70067
69966
69951
69737
69723
69578
69557
69508
69494
69217
69200
69164
69104
69091
69002
68914
68907
68828
68817
68545
68478
68439
68337
68322
68319
68247
67991
67956
67878
67850
67810
67696
67685
67636
67537
67434
67381
67339
67255
67196
66996
66980
66926
66906
66611
66590
66576
66416
66341
66255
66148
66046
65996
65981
65867
65812
65805
65719
65663
65185
65062
65059
64754
64741
64588
64369
64282
64187
64032
63988
63763
63603
63592
63570
63181
62985
62979
62946
62834
62708
62707
62691
62552
62278
62141
62128
62118
62109
61927
61807
61573
61531
61405
61242
60945
60818
60754
60746
60506
60372
60358
60294
60179
60054
60033
60016
59949
59858
59644
59637
59567
59526
59490
59434
59432
59428
59384
59314
59299
59270
59239
59218
59112
59030
58754
58705
58649
58646
58640
58617
58507
58496
58415
58370
58300
58225
58166
58098
58080
57980
57914
57898
57863
57464
57389
57158
57104
57080
56973
56869
56604
56547
56450
56353
56305
56185
55983
55784
55771
55765
55758
55647
55630
55210
55063
54752
54584
54517
54382
54258
54168
54106
53958
53862
53858
53667
53651
53638
53567
53527
53474
53453
53127
53088
53053
52934
52925
52656
52582
52419
52333
52243
52047
52045
52029
52020
51977
51952
51762
51668
51617
51500
51487
51486
51475
51463
51430
51332
51226
51187
51105
51056
50992
50942
50882
50774
50721
50600
50537
50484
50434
50393
50338
50337
50334
50278
50275
50177
50134
50039
50010
49942
49888
49818
49807
49699
49676
49527
49494
49333
49303
49217
49175
49148
48929
48910
48839
48671
48526
48504
48439
48342
48198
48020
47918
47807
47743
47683
47595
47552
47306
47186
47136
47105
47104
47097
47063
47034
47028
46963
46950
46715
46680
46436
46404
46210
46196
46184
46170
46163
46114
46034
45887
45824
45803
45774
45731
45683
45673
45655
45510
45330
45211
45005
44891
44617
44460
44392
44071
43942
43923
43849
43572
43541
43529
43527
43416
43038
42987
42953
42949
42792
42633
42611
42539
42495
42400
42278
42181
42018
41950
41855
41823
41673
41653
41470
41431
41398
41347
41171
40800
40782
40665
40569
40368
40351
40291
40100
39656
39568
39436
39372
39328
38940
38842
38808
38733
38522
38513
38424
38424
38270
38176
38156
38135
38135
38026
37960
37909
37829
37789
37742
37565
37276
37185
37145
37071
37058
36956
36785
36661
36528
36505
36494
36433
36406
36253
36226
36220
36096
36084
36056
35983
35928
35883
35878
35851
35728
35727
35672
35669
35652
35541
35388
35287
35223
35169
34939
34821
34820
34776
34203
34075
33997
33965
33910
33849
33827
33798
33668
33447
33315
33066
33059
32993
32729
32625
32491
32408
32262
31992
31936
31887
31797
31700
31331
31313
30936
30732
30679
30023
30013
29985
29605
29426
29311
29272
29094
29083
29058
28762
28686
28554
28406
28331
28299
28127
28010
27998
27993
27763
27511
27343
27293
27096
26979
26818
26520
26470
26468
26439
26409
26310
26218
26134
26048
26036
25999
25942
25911
25780
25640
25528
25499
25321
25315
25268
25238
24971
24954
24889
24818
24749
24658
24537
24384
24351
24251
24180
24043
23898
23852
23805
23526
23316
23291
23238
22970
22966
22936
22934
22716
22609
22453
22447
22312
22310
22278
22219
22154
22064
22002
21952
21869
21795
21554
21531
21440
21262
21165
21059
21047
20866
20605
20491
20137
20063
19979
19903
19773
19711
19521
19459
19434
19433
19333
19228
19010
18948
18836
17936
17796
17667
17633
17615
17524
17421
17315
17195
17195
17181
17020
16900
16856
16844
16787
16657
16579
16542
16436
16423
16398
16342
16278
16255
16227
16206
16170
16143
16102
16041
15991
15966
15958
15936
15866
15716
15664
15383
15358
15308
15198
15142
14964
14915
14762
14693
14677
14606
14585
14544
14479
14361
14273
14188
14072
13845
13796
13630
13584
13574
13528
13396
13244
13214
13210
13208
12853
12744
12602
12503
12376
12230
12225
12155
12037
11780
11719
11695
11684
11682
11486
11481
11443
11394
11373
11137
11135
11084
11037
11011
10958
10866
10825
10787
10445
10313
9964
9943
9889
9865
9854
9790
9762
9674
9625
9505
9468
9422
9368
9338
9279
9127
9077
8942
8792
8777
8773
8691
8661
8614
8544
8538
8519
8512
8449
8438
8428
8364
8349
8268
8259
8182
8057
8044
7970
7940
7865
7641
7614
7511
7461
7447
7433
7416
7387
7255
7248
7242
7179
6991
6979
6744
6512
6495
6434
6429
6400
6347
6174
6014
5525
5302
5247
5231
5201
5093
5027
4989
4941
4884
4761
4474
4347
4341
4245
4242
4146
4146
3844
3827
3806
3803
3794
3722
3441
3179
2962
2879
2795
2667
2302
1857
1819
1786
1737
1704
1631
1491
1331
1329
1177
1098
1061
1049
975
933
865
802
715
692
624
616
614
110