1000
899714
899447
899318
899082
898997
898987
898932
898770
898689
898630
898598
898592
898361
898354
898298
898255
898242
898235
898224
898189
898027
897776
897701
897646
897617
897575
897283
897197
897128
897057
896642
896630
896522
896518
896467
896394
896126
895943
895871
895871
895823
895776
895548
895515
895488
895443
895381
895351
895341
895057
894960
894930
894892
894677
894575
894541
894497
894364
894332
894331
894214
894214
894209
894052
893967
893915
893879
893822
893723
893706
893645
893577
893442
893437
893436
893218
893202
893139
893090
893079
893027
892947
892894
892873
892732
892711
892593
892592
892549
892526
892392
892269
892246
892157
891904
891833
891565
891529
891319
891296
891231
891231
891166
890968
890900
890815
890813
890784
890758
890589
890561
890468
890426
890209
890166
890139
890114
890066
890048
890003
889766
889580
889571
889386
889302
889228
889185
888836
888717
888691
888685
888675
888652
888573
888407
888365
888362
887958
887920
887814
887760
887630
887552
887504
887158
886983
886693
886600
886507
886423
886300
886222
886130
886004
885631
885593
885528
885509
885403
885387
885339
885318
885120
884916
884865
884777
884681
884537
884416
884340
884308
884291
884282
884162
884004
883629
883529
883528
883468
883445
883225
883201
883191
883140
882873
882741
882605
882509
882378
882376
882236
882180
882142
882107
882024
881865
881390
881297
881221
881209
880989
880965
880575
880486
880426
880393
880382
880365
880354
880347
880286
880257
880249
880224
880187
880135
879952
879885
879827
879780
879688
879499
879429
879385
879323
879147
879123
879121
879098
879076
878999
878974
878656
878623
878482
878433
878397
878068
877989
877923
877904
877854
877838
877831
877695
877673
877656
877533
877447
877435
877324
877291
877145
877114
877093
876882
876825
876797
876787
876735
876595
876563
876505
876448
876434
876319
876148
876060
875937
875932
875918
875855
875644
875592
875540
875473
875432
875332
875159
874990
874957
874896
874837
874746
874724
874633
874562
874486
874161
874118
874046
873907
873861
873780
873724
873719
873634
873557
873459
873295
873174
873145
873003
872856
872617
872500
872392
872337
872140
872092
871987
871976
871780
871647
871644
871627
871617
871447
871384
871349
871258
871135
871081
870969
870917
870732
870686
870603
870602
870548
870469
870462
870330
870146
870057
870001
869902
869798
869666
869341
869239
869205
868946
868873
868861
868797
868740
868711
868455
868116
868045
868030
867963
867804
867777
867723
867553
867412
867170
867161
866918
866852
866830
866818
866763
866558
866451
866216
866073
865931
865824
865822
865528
865488
865465
865311
865218
865211
865177
865122
865039
865030
864962
864713
864648
864482
864351
864348
864328
864304
864047
863945
863874
863867
863859
863788
863786
863660
863508
863488
863471
863352
863196
862734
862719
862594
862485
862475
862464
862394
862361
862356
862354
862327
862292
862257
862140
861928
861873
861753
861381
861293
861266
861252
861180
861141
861099
860828
860721
860654
860650
860537
860487
860479
860200
860189
860178
860016
859950
859935
859873
859780
859756
859691
859591
859437
859379
859273
859087
858965
858889
858716
858700
858665
858526
858361
858341
858330
858308
858102
857870
857734
857725
857720
857703
857681
857451
857408
857404
857289
857039
856908
856884
856777
856176
855775
855088
854992
854729
854587
854573
854555
854460
854407
854349
854172
854145
854098
853980
853804
853783
853780
853675
853627
853546
853506
853503
853385
853236
853215
853208
852976
852961
852943
852924
852793
852758
852758
852756
852536
852487
852308
852191
852098
851975
851904
851899
851862
851684
851621
851566
851458
851415
851392
851297
851263
851177
851176
851102
851009
850961
850801
850739
850550
850508
850497
850310
850281
850207
850153
850050
849920
849892
849749
849632
849606
849543
849495
849290
849278
849268
849145
849085
849015
848869
848864
848694
848607
848102
848091
848007
847850
847737
847708
847680
847665
847586
847577
847576
847550
847549
847507
847472
847183
847160
847057
846861
846732
846701
846699
846658
846545
846482
846430
846406
846284
846232
846162
845887
845652
845641
845640
845606
845504
845434
845374
845307
845270
845270
845167
845056
845004
844892
844762
844755
844508
844431
844282
844133
844103
844081
844073
844027
843949
843910
843823
843754
843750
843712
843559
843469
843446
843416
843358
843210
843021
842921
842859
842821
842820
842817
842714
842543
842524
842338
842175
842073
842065
841954
841880
841789
841775
841744
841714
841633
841491
841376
841055
840960
840633
840603
840593
840419
840409
840356
840275
840272
840207
840042
839997
839990
839757
839752
839720
839692
839649
839605
839467
839451
839388
839169
838865
838778
838547
838116
837962
837879
837771
837720
837520
837510
837450
837386
837252
837240
837182
837173
837167
837097
837087
837058
837044
837036
837006
836662
836552
836499
836373
836276
836219
836168
836141
835910
835575
835555
835506
835461
835434
835291
835272
835025
835005
834937
834928
834926
834907
834515
834405
834376
834352
834251
834171
834098
834080
833909
833820
833788
833703
833671
833384
833382
833245
833214
833202
833170
833158
833156
833139
832953
832831
832818
832708
832700
832478
832473
832251
832242
832197
832196
832156
831977
831897
831846
831626
831315
831314
831214
831205
831202
831173
830931
830864
830860
830657
830610
830590
830524
830355
830307
830295
830060
830011
830000
829739
829692
829666
829547
829519
829433
829404
829394
829151
829142
829115
828850
828740
828736
828608
828544
828531
828446
828309
828294
828226
828184
828172
828166
828164
828080
827965
827928
827814
827784
827784
827611
827439
827409
827278
827249
827099
827098
827056
827018
826878
826734
826709
826701
826507
826500
826374
826374
826230
826204
826076
826073
825775
825711
825638
825557
825534
825517
825453
825303
825033
825018
824869
824732
824672
824659
824555
824517
824407
824400
824311
824298
824289
824283
824206
824126
824119
824110
824096
824077
824065
824045
823999
823995
823943
823789
823723
823562
823541
823474
823424
823253
823211
823205
823182
823117
822968
822872
822834
822595
822570
822488
822479
822425
822309
822266
822214
822157
822105
821977
821788
821659
821443
821425
821373
821342
821328
821323
821232
821213
821193
820643
820528
820497
820433
820374
820345
820207
820010
819777
819676
819643
819553
819552
819529
819415
819351
819119
819060
818758
818620
818542
818469
818306
818294
818249
818111
817947
817830
817565
817364
817327
817101
817094
817078
817018
816881
816638
816624
816545
816505
816426
816391
816320
816304
816304
816198
816072
816041
815994
815974
815895
815823
815733
815647
815487
815442
815440
815367
815357
815004
814880
814835
814649
814529
814478
814439
814411
814319
814297
814130
814110
814092
814072
814021
813740
813719
813701
813676
813656
813603
813568
813549
813439
813410
813332
813325
813321
813250
813172
813165
813092
812901
812865
812779
812673
812593
812405
812295
812288
812051
811842
811773
811723
811694
811687
811509