2500
899714
899447
899318
899082
898997
898987
898932
898770
898689
898630
898598
898592
898361
898354
898298
898255
898242
898235
898224
898189
898027
897776
897701
897646
897617
897575
897283
897197
897128
897057
896642
896630
896522
896518
896467
896394
896126
895943
895871
895871
895823
895776
895548
895515
895488
895443
895381
895351
895341
895057
894960
894930
894892
894677
894575
894541
894497
894364
894332
894331
894214
894214
894209
894052
893967
893915
893879
893822
893723
893706
893645
893577
893442
893437
893436
893218
893202
893139
893090
893079
893027
892947
892894
892873
892732
892711
892593
892592
892549
892526
892392
892269
892246
892157
891904
891833
891565
891529
891319
891296
891231
891231
891166
890968
890900
890815
890813
890784
890758
890589
890561
890468
890426
890209
890166
890139
890114
890066
890048
890003
889766
889580
889571
889386
889302
889228
889185
888836
888717
888691
888685
888675
888652
888573
888407
888365
888362
887958
887920
887814
887760
887630
887552
887504
887158
886983
886693
886600
886507
886423
886300
886222
886130
886004
885631
885593
885528
885509
885403
885387
885339
885318
885120
884916
884865
884777
884681
884537
884416
884340
884308
884291
884282
884162
884004
883629
883529
883528
883468
883445
883225
883201
883191
883140
882873
882741
882605
882509
882378
882376
882236
882180
882142
882107
882024
881865
881390
881297
881221
881209
880989
880965
880575
880486
880426
880393
880382
880365
880354
880347
880286
880257
880249
880224
880187
880135
879952
879885
879827
879780
879688
879499
879429
879385
879323
879147
879123
879121
879098
879076
878999
878974
878656
878623
878482
878433
878397
878068
877989
877923
877904
877854
877838
877831
877695
877673
877656
877533
877447
877435
877324
877291
877145
877114
877093
876882
876825
876797
876787
876735
876595
876563
876505
876448
876434
876319
876148
876060
875937
875932
875918
875855
875644
875592
875540
875473
875432
875332
875159
874990
874957
874896
874837
874746
874724
874633
874562
874486
874161
874118
874046
873907
873861
873780
873724
873719
873634
873557
873459
873295
873174
873145
873003
872856
872617
872500
872392
872337
872140
872092
871987
871976
871780
871647
871644
871627
871617
871447
871384
871349
871258
871135
871081
870969
870917
870732
870686
870603
870602
870548
870469
870462
870330
870146
870057
870001
869902
869798
869666
869341
869239
869205
868946
868873
868861
868797
868740
868711
868455
868116
868045
868030
867963
867804
867777
867723
867553
867412
867170
867161
866918
866852
866830
866818
866763
866558
866451
866216
866073
865931
865824
865822
865528
865488
865465
865311
865218
865211
865177
865122
865039
865030
864962
864713
864648
864482
864351
864348
864328
864304
864047
863945
863874
863867
863859
863788
863786
863660
863508
863488
863471
863352
863196
862734
862719
862594
862485
862475
862464
862394
862361
862356
862354
862327
862292
862257
862140
861928
861873
861753
861381
861293
861266
861252
861180
861141
861099
860828
860721
860654
860650
860537
860487
860479
860200
860189
860178
860016
859950
859935
859873
859780
859756
859691
859591
859437
859379
859273
859087
858965
858889
858716
858700
858665
858526
858361
858341
858330
858308
858102
857870
857734
857725
857720
857703
857681
857451
857408
857404
857289
857039
856908
856884
856777
856176
855775
855088
854992
854729
854587
854573
854555
854460
854407
854349
854172
854145
854098
853980
853804
853783
853780
853675
853627
853546
853506
853503
853385
853236
853215
853208
852976
852961
852943
852924
852793
852758
852758
852756
852536
852487
852308
852191
852098
851975
851904
851899
851862
851684
851621
851566
851458
851415
851392
851297
851263
851177
851176
851102
851009
850961
850801
850739
850550
850508
850497
850310
850281
850207
850153
850050
849920
849892
849749
849632
849606
849543
849495
849290
849278
849268
849145
849085
849015
848869
848864
848694
848607
848102
848091
848007
847850
847737
847708
847680
847665
847586
847577
847576
847550
847549
847507
847472
847183
847160
847057
846861
846732
846701
846699
846658
846545
846482
846430
846406
846284
846232
846162
845887
845652
845641
845640
845606
845504
845434
845374
845307
845270
845270
845167
845056
845004
844892
844762
844755
844508
844431
844282
844133
844103
844081
844073
844027
843949
843910
843823
843754
843750
843712
843559
843469
843446
843416
843358
843210
843021
842921
842859
842821
842820
842817
842714
842543
842524
842338
842175
842073
842065
841954
841880
841789
841775
841744
841714
841633
841491
841376
841055
840960
840633
840603
840593
840419
840409
840356
840275
840272
840207
840042
839997
839990
839757
839752
839720
839692
839649
839605
839467
839451
839388
839169
838865
838778
838547
838116
837962
837879
837771
837720
837520
837510
837450
837386
837252
837240
837182
837173
837167
837097
837087
837058
837044
837036
837006
836662
836552
836499
836373
836276
836219
836168
836141
835910
835575
835555
835506
835461
835434
835291
835272
835025
835005
834937
834928
834926
834907
834515
834405
834376
834352
834251
834171
834098
834080
833909
833820
833788
833703
833671
833384
833382
833245
833214
833202
833170
833158
833156
833139
832953
832831
832818
832708
832700
832478
832473
832251
832242
832197
832196
832156
831977
831897
831846
831626
831315
831314
831214
831205
831202
831173
830931
830864
830860
830657
830610
830590
830524
830355
830307
830295
830060
830011
830000
829739
829692
829666
829547
829519
829433
829404
829394
829151
829142
829115
828850
828740
828736
828608
828544
828531
828446
828309
828294
828226
828184
828172
828166
828164
828080
827965
827928
827814
827784
827784
827611
827439
827409
827278
827249
827099
827098
827056
827018
826878
826734
826709
826701
826507
826500
826374
826374
826230
826204
826076
826073
825775
825711
825638
825557
825534
825517
825453
825303
825033
825018
824869
824732
824672
824659
824555
824517
824407
824400
824311
824298
824289
824283
824206
824126
824119
824110
824096
824077
824065
824045
823999
823995
823943
823789
823723
823562
823541
823474
823424
823253
823211
823205
823182
823117
822968
822872
822834
822595
822570
822488
822479
822425
822309
822266
822214
822157
822105
821977
821788
821659
821443
821425
821373
821342
821328
821323
821232
821213
821193
820643
820528
820497
820433
820374
820345
820207
820010
819777
819676
819643
819553
819552
819529
819415
819351
819119
819060
818758
818620
818542
818469
818306
818294
818249
818111
817947
817830
817565
817364
817327
817101
817094
817078
817018
816881
816638
816624
816545
816505
816426
816391
816320
816304
816304
816198
816072
816041
815994
815974
815895
815823
815733
815647
815487
815442
815440
815367
815357
815004
814880
814835
814649
814529
814478
814439
814411
814319
814297
814130
814110
814092
814072
814021
813740
813719
813701
813676
813656
813603
813568
813549
813439
813410
813332
813325
813321
813250
813172
813165
813092
812901
812865
812779
812673
812593
812405
812295
812288
812051
811842
811773
811723
811694
811687
811509
811475
811460
811457
811448
811377
811191
811067
810890
810663
810642
810580
810557
810521
810378
810011
809895
809847
809771
809759
809502
809483
809403
809234
809036
809027
808779
808689
808678
808568
808553
808532
808468
808451
808438
808341
808213
808179
808154
808079
808079
808040
807622
807517
807467
807364
807315
807246
807197
807177
807083
806881
806868
806774
806744
806606
806530
806511
806312
806310
806296
806186
806065
806050
805987
805894
805852
805565
805476
805456
805437
805399
805347
805241
805060
804934
804892
804849
804818
804746
804716
804705
804605
804565
804540
804153
804050
804038
803914
803790
803649
803633
803268
802888
802851
802791
802671
802494
802441
802356
802236
802107
802100
801875
801817
801490
801353
801194
801175
801018
800726
800698
800661
800582
800548
800548
800538
800504
800479
800409
800403
800393
800390
800353
800338
800264
800198
799997
799982
799934
799878
799825
799775
799642
799609
799513
799305
799303
798971
798945
798850
798799
798793
798574
798520
798461
798415
798282
798261
797904
797751
797603
797592
797534
797364
797236
797080
797080
797078
797072
796814
796618
796536
796436
796342
796267
796266
796125
795825
795773
795710
795693
795629
795504
795380
795071
795042
794823
794776
794733
794727
794680
794476
794309
794195
793887
793741
793697
793668
793641
793620
793547
793200
793185
793162
793099
793073
793001
792913
792887
792854
792606
792551
792543
792467
792216
792161
792035
791948
791935
791848
791806
791790
791709
791701
791574
791528
791372
791166
791054
791045
790922
790884
790704
790609
790463
790431
790019
789952
789697
789549
789516
789386
789162
789064
789056
789041
789039
788880
788860
788723
788362
788208
788204
787884
787668
787658
787645
787553
787523
787220
787201
787076
787057
787004
786947
786706
786695
786598
786500
786462
786184
786175
786095
786074
786028
786006
785936
785823
785652
785443
785355
785107
784985
784951
784864
784769
784718
784714
784660
784620
784611
784458
784349
784340
783991
783981
783793
783536
783284
783175
783070
783037
782969
782916
782842
782709
782690
782670
782646
782520
782500
782463
782381
782184
782127
782087
781982
781878
781836
781783
781677
781486
781389
781157
780962
780907
780701
780644
780639
780388
780266
780222
779800
779657
779440
778946
778893
778794
778716
778679
778581
778529
778473
778470
778460
778455
778440
778408
778332
778270
778174
778100
778007
778003
777988
777798
777773
777657
777428
777383
777364
777274
777184
777181
777157
776876
776824
776754
776703
776633
776559
776529
776263
776231
776113
776046
775912
775879
775850
775721
775565
775538
775273
775221
775160
775072
774898
774832
774784
774761
774661
774591
774369
774358
774334
774330
774317
774209
774123
774069
773967
773647
773477
773417
773227
773086
773007
772925
772788
772768
772682
772620
772536
772507
772436
772307
772223
772173
772172
772027
771812
771738
771717
771618
771592
771526
771461
771347
771316
771304
771284
770995
770957
770945
770909
770655
770625
770593
770548
770539
770430
770324
770296
770262
770210
770159
770140
770100
770073
769958
769919
769853
769852
769725
769719
769522
769202
769049
768989
768961
768896
768880
768829
768828
768739
768722
768658
768610
768514
768124
768102
768097
768090
767836
767662
767641
767566
767546
767497
767452
767356
767269
767229
767220
767051
766912
766791
766772
766723
766604
766493
766414
766220
766100
765888
765799
765651
765627
765533
765531
765343
765019
764773
764743
764679
764500
764419
764376
764266
764159
763863
763758
763715
763650
763618
763553
763553
763542
763387
763335
763105
763009
762837
762524
762510
762463
762429
762045
761828
761814
761807
761735
761600
761530
761366
761320
761316
761281
761226
761140
760936
760872
760813
760564
760426
760059
760054
760007
759917
759852
759702
759638
759605
759431
759416
759385
759227
759023
758991
758989
758811
758810
758668
758395
758293
758207
758123
758106
758035
758026
757986
757973
757939
757452
757323
757310
757300
757168
757099
756971
756934
756764
756736
756692
756631
756625
756540
756534
756484
756452
756323
756288
756283
756187
756049
756000
755957
755790
755758
755751
755626
755566
755534
755444
755400
755364
755333
755012
754928
754913
754847
754822
754748
754677
754634
754536
754531
754498
754444
754360
754258
754228
754174
754153
754151
754075
753737
753729
753257
753254
753213
753210
753199
753196
753175
753157
753142
753006
753002
752946
752893
752839
752796
752780
752649
752589
752554
752525
752468
752379
752275
752260
752111
752080
752061
752047
751875
751820
751619
751611
751546
751391
751339
750876
750438
750360
750353
750262
750197
750022
749770
749763
749761
749662
749636
749481
749369
749363
749242
749240
749223
749214
749072
748948
748876
748657
748625
748541
748428
748393
748276
748113
748043
747997
747944
747922
747753
747654
747468
747459
747420
747319
747260
747170
746748
746637
746550
746432
746328
746153
746102
746047
745977
745910
745873
745700
745673
745636
745601
745509
745394
745368
745338
745327
745252
745188
745111
745034
744988
744736
744682
744468
744386
744381
744360
744357
744230
743799
743789
743652
743562
743225
743172
743097
743082
742759
742573
742553
742404
742247
742188
742152
742094
741984
741777
741668
741636
741507
741393
741340
741305
741304
741067
740873
740865
740738
740716
740660
740644
740626
740319
740238
740159
740157
740144
740129
740111
740105
740029
739916
739831
739682
739628
739614
739524
739495
739439
739361
739341
739262
739175
739051
739003
738865
738836
738724
738528
738525
738233
738231
738222
738017
737981
737926
737877
737783
737754
737650
737545
737446
737165
737156
737091
737049
737013
736872
736719
736706
736681
736676
736620
736585
736492
736457
736374
736361
736350
736245
736198
736176
736068
736067
735915
735784
735601
735542
735533
735347
735166
735107
735018
734749
734709
734688
734687
734666
734595
734351
734239
734198
734089
733469
733243
733209
733018
733006
732981
732898
732696
732555
732550
732504
732422
732360
732319
732103
732101
732090
732085
731957
731945
731945
731807
731623
731576
731295
731076
731038
730886
730778
730759
730621
730617
730466
730330
730218
730189
730118
730112
730071
729988
729945
729886
729869
729688
729510
729154
729104
728959
728847
728696
728687
728629
728601
728553
728483
728366
728283
728254
728207
728178
728122
728103
728042
727984
727952
727820
727667
727629
727515
727511
727414
727366
727179
727054
727040
726780
726688
726643
726518
726399
726319
726238
726118
726033
725960
725927
725906
725728
725718
725703
725505
725410
725374
725278
725106
725062
724949
724857
724639
724615
724540
724530
724502
724472
724319
724156
724095
724085
724049
724041
723897
723856
723856
723850
723699
723678
723661
723453
723430
723421
723314
723274
723237
723107
723047
722944
722747
722701
722594
722540
722505
722333
722255
722150
722135
722062
721984
721919
721914
721681
721379
721372
721283
721154
721133
721075
720961
720672
720666
720617
720565
720562
720540
720462
720223
720212
720210
720074
720060
719919
719828
719821
719788
719530
719522
719206
719099
719065
718910
718872
718827
718699
718633
718482
718273
718167
717839
717689
717640
717463
717445
717333
717258
717068
716686
716651
716619
716606
716358
716261
716251
716218
716210
716131
716095
716044
716020
715989
715729
715692
715434
715412
715371
715369
715220
715213
715149
715021
714954
714926
714870
714851
714789
714613
714552
714550
714461
714445
714262
714244
714205
713942
713920
713859
713700
713545
713369
713306
713140
713116
713094
713022
713002
712999
712956
712927
712926
712904
712882
712874
712713
712693
712522
712512
712485
712399
712364
712333
712235
712124
712093
712064
711847
711717
711587
711501
711325
710962
710793
710715
710696
710676
710624
710509
710447
710357
710288
710102
710092
710010
709939
709808
709608
709364
709346
709345
708914
708655
708647
708634
708577
708553
708474
708318
708106
708011
707960
707940
707887
707882
707789
707716
707608
707465
707451
707231
707098
707088
707012
706672
706645
706627
706464
706439
706435
706321
706299
706273
706058
706044
705938
705929
705916
705866
705814
705714
705601
705591
705532
705489
705425
705390
705307
705094
705061
705011
704991
704960
704956
704934
704928
704854
704810
704779
704591
704508
704305
704281
704209
704116
704086
704060
704043
704022
703979
703962
703849
703635
703482
703457
703313
703135
703075
703046
703032
702963
702922
702884
702870
702856
702661
702656
702547
702479
702399
702355
702298
702132
702095
701991
701848
701529
701508
701481
701394
701303
701215
700744
700589
700556
700530
700503
700358
700297
700297
700244
700148
700111
699956
699896
699800
699787
699688
699585
699574
699546
699350
699326
699252
699163
699128
698989
698960
698791
698761
698599
698516
698422
698391
698029
698018
697823
697785
697739
697736
697526
697409
697343
697318
697234
697201
697130
697108
697068
696899
696835
696721
696692
696605
696511
696373
696094
696031
695940
695881
695879
695851
695820
695798
695758
695671
695652
695608
695607
695558
695271
695001
694983
694944
694899
694829
694688
694438
694358
694191
694143
693781
693745
693207
693135
693063
693030
692875
692745
692624
692502
692347
692270
692254
692134
692094
691832
691829
691801
691756
691597
691549
691350
691106
691028
690927
690900
690886
690738
690157
690071
690029
689859
689846
689842
689823
689791
689776
689695
689575
689152
689138
689129
689087
689081
688958
688932
688887
688836
688719
688591
688547
688072
687772
687768
687397
687380
687318
687309
687304
687215
687179
686979
686892
686880
686633
686482
686290
686101
686083
686043
686037
685895
685838
685817
685793
685776
685583
685566
685523
685333
685278
685171
685147
685123
685115
685027
684945
684811
684767
684731
684716
684708
684558
684556
684518
684488
684484
684459
684156
684049
684044
684018
684010
683842
683838
683612
683579
683512
683509
683487
683384
683378
683377
683341
683304
682669
682629
682470
682426
682347
682329
682235
682160
681800
681724
681607
681600
681557
681467
681377
681346
681104
680931
680887
680710
680667
680632
680592
680546
680489
680441
680380
680301
680271
680257
680195
680007
679975
679936
679931
679865
679848
679673
679666
679609
679566
679546
679523
679497
679482
679451
679441
679310
679288
679175
678942
678941
678801
678638
678616
678522
678448
678414
678127
678104
678102
678057
677949
677881
677854
677759
677426
677424
677422
677409
677286
677268
677188
677111
676935
676889
676860
676837
676700
676618
676594
676505
676465
676417
676357
676343
676207
676183
676167
676101
676101
676100
676051
676032
675951
675859
675721
675534
675509
675375
675317
675144
675096
675026
674938
674924
674829
674662
674660
674647
674643
674624
674424
674312
674163
674129
673955
673915
673891
673843
673823
673815
673570
673546
673384
673370
673089
672947
672714
672653
672584
672497
672487
672447
672425
672423
672381
672250
672241
672159
672093
671874
671802
671739
671673
671636
671606
671590
671543
671482
671340
671264
671241
671220
670930
670793
670787
670690
670642
670629
670494
670465
670465
670342
670143
670101
670041
670022
669920
669818
669608
669600
669487
669348
669227
669206
669077
669046
669045
668993
668977
668940
668782
668737
668708
668668
668664
668598
667953
667836
667704
667577
667512
667304
667200
667030
666990
666951
666939
666813
666794
666424
666350
666182
666111
666095
665952
665928
665812
665791
665657
665606
665448
665047
665034
664943
664849
664837
664766
664725
664639
664627
664598
664583
664540
664366
664322
664311
664295
663720
663669
663657
663558
663530
663394
663390
663290
663282
663268
663164
663157
663146
663039
662892
662762
662692
662686
662665
662431
662297
662226
661754
661742
661666
661605
661486
661468
660979
660867
660747
660737
660465
660462
660399
660168
660076
660038
659882
659834
659648
659348
659184
659170
659102
658998
658839
658730
658695
658668
658562
658496
658397
658388
658377
658254
658240
658210
657818
657644
657604
657545
657334
657275
657167
657016
656987
656985
656920
656904
656847
656612
656304
656173
656114
655980
655923
655752
655692
655619
655521
655486
655470
655263
655259
655154
655098
655028
655011
654990
654959
654933
654700
654566
654512
654480
654417
654360
654333
654250
654223
654183
654165
654164
653815
653784
653534
653504
653307
653276
653237
653222
653127
652985
652962
652959
652845
652549
652341
652304
652246
652090
651819
651509
651472
651272
651198
651148
651141
651132
651030
650921
650915
650822
650528
650497
650481
650379
650299
650212
650175
650145
650026
650021
650007
649987
649907
649904
649824
649776
649662
649520
649411
649298
649136
649025
648734
648660
648605
648504
648342
648227
648198
647761
647621
647548
647391
647325
647271
647231
647209
647078
646823
646809
646729
646727
646692
646691
646680
646400
646264
646189
646158
646146
646033
645807
645772
645635
645583
645500
645465
645463
645430
645400
645360
645239
645219
645086
645008
644826
644449
644355
644321
644100
643894
643788
643661
643601
643366
643244
643039
642859
642811
642760
642726
642700
642681
642494
642490
642391
642336
642269
642160
642113
641984
641953
641919
641725
641682
641479
641287
641225
641180
641127
641109
641031
641023
641007
640943
640918
640841
640802
640762
640726
640534
640447
640305
640218
640114
640041
640013
639992
639987
639832
639753
639688
639443
639438
639383
639314
639232
639211
639057
639052
639050
638739
638653
638486
638234
638221
637987
637926
637777
637712
637711
637703
637597
637578
637547
637520
637417
637388
637256
637255
637162
637083
637074
637006
636908
636806
636772
636726
636568
636482
636406
636197
636124
636069
635987
635949
635588
635347
634945
634721
634633
634591
634558
634540
634447
634394
634344
634309
634237
634061
634027
634015
633816
633744
633695
633654
633626
633619
633440
633434
633217
633215
633183
633119
632966
632844
632793
632598
632550
632549
632501
632354
632163
632052
631952
631795
631743
631721
631719
631694
631682
631603
631538
631334
631323
630974
630973
630961
630926
630901
630895
630708
630700
630628
630319
630317
630146
630060
630039
630031
629931
629917
629906
629849
629810
629684
629594
629544
629482
629415
629321
629245
629237
629021
628900
628625
628599
628597
628538
628494
628471
628437
628277
628120
628038
627930
627922
627720
627640
627424
627221
627194
627150
626771
626536
626517
626441
626381
626212
626174
626160
626109
626097
626022
625940
625469
625433
625408
625353
625342
625319
625210
625151
625094
625041
624995
624956
624805
624758
624493
624471
624432
624379
624231
624222
624199
624033
624027
623969
623848
623785
623773
623759
623683
623557
623534
623308
623296
623250
623071
623071
622903
622865
622810
622741
622533
622530
622516
622488
622351
622290
621892
621857
621717
621605
621514
621449
621377
621306
621285
621229
621100
621007
620985
620917
620800
620699
620685
620529
620471
620044
620031
620002
619878
619826
619783
619663
619649
619644
619583
619219
619215
619181
618982
618955
618909
618887
618811
618754
618528
618371
618221
618123
617801
617799
617293
617115
617110
617053
616942
616870
616710
616617
616605
616442
615943
615873
615774
615520
615466
615462
615399
615370
615170
614954
614916
614893
614793
614790
614578
614532
614337
614179
614121
614111
614078
613975
613723
613665
613503
613297
613207
613184
613056
612709
612561
612436
612402
612316
612058
612033
611705
611624
611433
611197
611181
611163
611152
610963
610944
610798
610784
610766
610671
610642
610480
610326
610290
610140
610077
610022
610007
609792
609709
609703
609593
609585
609577
609486
609089
609055
608788
608777
608453
608432
608425
608351
608333
608258
608187
608113
608058
608018
607764
607685
607511
607507
607396
607144
607107
607082
607018
606888
606798
606570
606446
606297
606254
606095
606000
605945
605901
605752
605668
605625
605340
605330
605271
605228
605148
605142
604731
604637
604564
604506
604417
604400
604331
604187
604180
604123
604113
603955
603927
603881
603808
603804
603760
603727
603725
603638
603605
603523
603463
603148
603115
602980
602929
602647
602645
602634
602588
602533
602384
602305
602293
602094
602051
601953
601884
601766
601763
601753
601717
601501
601389
601364
601360
601260
601005
600811
600786
600645
600516
600357
600260
600158
600150
600135
600118
600099
600072
600044
599987
599847
599765
599719
599704
599602
599215
599147
599051
599035
598950
598552
598404
598363
598261
598221
598175
598172
598168
597956
597951
597870
597625
597625
597613
597496
597362
597327
597204
597195
597194
597183
597137
597076
596975
596745
596633
596579
596553
596270
596148
596141
596013
595975
595774
595708
595644
595630
595602
595436
595386
595377
595361
595279
595269
595194
594983
594972
594959
594715
594552
594442
594372
594302
594241
593975
593890
593844
593735
593445
593442
593300
593223
592838
592813
592704
592693
592642
592614
592576
592524
592520
592366
592351
591941
591772
591684
591613
591503
591234
591144
591127
591114
591027
591022
590990
590960
590800
590506
590469
590364
590229
590140
590107
590072
590006
589916
589914
589834
589808
589771
589721
589653
589620
589585
589389
589226
589065
588998
588968
588964
588813
588794
588681
588559
587883
587873
587555
587544
587351
587038
586826
586789
586550
586531
586521
586389
586215
586093
586073
586025
586003
585991
585934
585889
585879
585595
585541
585530
585516
585450
585433
585423
585419
585411
585404
585235
585181
585093
585046
585027
584892
584891
584861
584684
584649
584583
584513
584509
584139
584083
583982
583951
583937
583862
583845
583537
583481
583355
583269
583240
583227
583190
583038
582936
582835
582822
582816
582790
582769
582750
582637
582632
582594
582539
582533
582371
582288
582272
582256
582235
582084
581998
581960
581940
581877
581289
581288
581230
581225
580863
580762
580616
580580
580477
580456
580425
580205
580183
580177
580120
579987
579715
579714
579422
579408
579368
579363
579205
579071
579023
578958
578909
578856
578818
578791
578743
578671
578667
578612
578602
578336
578075
578058
577932
577914
577864
577728
577706
577584
577515
577459
577456
577432
577325
577301
577144
577034
576935
576931
576837
576834
576737
576732
576554
576507
576385
576354
576292
576225
576222
576066
576058
575805
575644
575542
575517
575478
575449
575431
575403
575360
575306
575296
575235
575161
575020
574968
574701
574670
574603
574302
574241
574186
573882
573874
573868
573831
573739
573737
573690
573629
573584
573566
573491
573451
573120
573116
573013
572865
572764
572758
572714
572453
572444
571960
571841
571816
571804
571779
571735
571734
571570
571494
571404
571388
571352
571055
570696
570609
570594
570591
570465
570436
570402
570306
570149
570014
569991
569860
569815
569717
569678
569238
568903
568813
568722
568502
568448
568338
568122
568022
567816
567727
567640
567638
567447
567347
567337
567299
567292
567173
566966
566835
566612
566551
566544
566350
566341
566174
565901
565855
565784
565747
565361
565101
565016
564735
564668
564642
564623
564604
564473
564349
564320
564187
564143
564069
564047
564040
564017
563924
563839
563695
563662
563460
563321
563286
563148
563133
563018
562958
562858
562830
562760
562727
562687
562642
562635
562604
562589
562455
562277
562242
562153
561376
561270
561147
561110
560998
560625
560560
560440
560418
560341
560262
559897
559743
559731
559639
559606
559485
559213
559190
559154
558784
558753
558751
558751
558643
558624
558596
558259
558252
558242
558170
558100
557975
557756
557513
557456
557390
557252
557199
557136
557071
556623
556609
556421
556408
556277
556212
556161
556000
555924
555911
555718
555709
555486
555364
555310
555298
555207
555134
555133
555036
554986
554676
554647
554474
554448
554440
554398
554333
554159
554147
554116
554006
553927
553925
553868
553857
553751
553740
553634
553548
553454
553401
553370
553271
553159
553103
552968
552959
552897
552780
552756
552639
552630
552484
552467
552369
552335
552186
552062
551980
551868
551540
551484
551410
551368
551264
551137
551120
551081
551070
550969
550962
550746
550694
550659
550431
550400
550342
550249
549926
549907
549854
549747
549688
549684
549658
549639
549576
549445
549418
549113
549049
548870
548807
548681
548485
548328
548219
547947
547944
547943
547834
547747
547565
547459
547370
547318
547210
547124
546989
546976
546844
546622
546619
546433
546233
546208
546174
546055
545957
545914
545845
545680
545671
545657
545622
545523
545421
545267
545229
545204
545128
545050
545045
545002
544985
544898
544813
544599
544431
544431
544395
544352
544058
544037
543992
543972
543634
543543
543459
543454
543271
543240
543045
542983
542843
542800
542776
542711
542674
542496
542486
542460
542417
542390
542293
542247
542120
542092
542085
542070
542047
541982
541884
541616
541450
541224
541218
541193
541080
541030
540992
540870
540741
540661
540563
540549
540476
540409
540214
540178
540106
539837
539647
539542
539387
539295
539277
539201
539147
539143
539045
538812
538738
538496
538408
538331
538268
538246
538074
538045
537974
537947
537915
537902
537707
537618
537404
537008
536826
536575
536562
536396
536291
536275
536240
536179
536077
535789
535516
535491
535388
535166
535054
534940
534635
534521
534287
534275
534264
534229
534218
534187
533989
533949
533945
533918
533869
533753
533657
533614
533591
533517
533436
533428
533305
533282
533227
533003
532887
532778
532693
532686
532649
532572
532498
532358
532186
532098
532065
532028
531852
531722
531715
531462
531409
531369
531366
531319
531315
531287
531196
531189
531072
530785
530778
530567
530500
530429
530394
530292
530252
529907
529904
529807
529801
529798
529707
529633
529556
529200
529099
529013
528975
528884
528849
528684
528665
528594
528562
528526
528485
528426
528305
528290
528212
528136
528075
528068
527994
527987
527901
527703
527597
527352
527284
527184
527060
526972
526968
526968
526921
526827
526827
526719
526551
526532
526491
526235
526143
526061
525904
525864
525833
525716
525664
525654
525436
525269
525051
525030
525026
524735
524675
524637
524503
524056
524031
524026
523875
523847
523839
523752
523687
523682
523620
523446
523337
523286
523234
523201
523149
522762
522753
522657
522647
522620
522457
522444
522442
522399
522396
522224
522127
522103
521826
521706
521403
521278
521249
521106
521087
520974
520943
520904
520716
520680
520662
520424
520360
520126
519993
519917
519871
519837
519769
519760
519550
519297
519271
519229
519062
518866
518834
518834
518651
518545
518305
518205
518030
517943
517826
517771
517764
517735
517732
517688
517647
517568
517491
517307
517281
517270
517186
517116
517109
517051
516866
516864
516802
516718
516713
516470
516447
516275
516245
516243
516197
516126
515997
515896
515862
515575
515458
515438
515358
515272
515237
515140
514934
514929
514891
514876
514808
514801
514777
514750
514631
514301
514270
514232
513930
513830
513824
513751
513586
513481
513428
513383
513319
513165
513122
513080
512870
512823
512659
512476
512344
512265
512220
512144
512082
512056
511598
511555
511456
511318
511280
511214
511162
511128
511095
511055
510984
510681
510634
510547
510457
510375
510318
510309
510261
510150
510123
510101
509868
509790
509778
509777
509544
509503
509496
509423
509384
509262
509176
509091
508905
508857
508713
508597
508464
508085
507943
507915
507789
507734
507727
507701
507617
507257
507068
507044
506984
506840
506800
506710
506708
506637
506566
506564
506231
505953
505770
505715
505706
505652
505504
505373
505347
505270
505189
504943
504887
504824
504624
504565
504501
504464
504457
504419
504314
504211
504139
504089
503849
503777
503774
503771
503558
503356
503009
502988
502894
502779
502666
502598
502525
502475
502461
502343
502324
502311
502294
502241
502174
502143
502015
501868
501815
501746
501743
501698
501390
501344
501121
501010
500944
500931
500809
500789
500545
500534
500446
500421
500332
500316
500256
500190
500122
500084
499728
499074
499015
498925
498824
498751
498699
498677
498398
498378
498360
498327
498186
498099
497996
497985
497979
497922
497755
497696
497478
497376
497211
497095
497069
497058
496958
496922
496696
496688
496418
496266
496263
496125
496071
496000
495879
495521
495182
495163
495084
494969
494965
494653
494594
494467
494251
494065
494003
493976
493820
493720
493611
493538
493517
493503
493426
493396
493350
493204
493061
492949
492857
492748
492649
492581
492544
492542
492521
492468
492293
492119
492029
491983
491936
491564
491431
491361
491331
491309
491145
491065
491001
490997
490910
490839
490795
490622
490545
490521
490474
490458
490283
490176
490163
490020
489920
489917
489882
489800
489773
489652
489477
489392
489385
489274
489157
489133
489108
489073
488956
488920
488920
488916
488825
488810
488759
488622
488618
488511
488439
488247
488205
487595
487542
487529
487506
487288
487210
487133
487096
487039
486934
486881
486843
486825
486791
486781
486701
486591
486538
486504
486436
486363
486324
486105
485951
485723
485586
485571
485470
485445
485390
485228
485070
484916
484579
484507
484500
484496
484490
484350
484313
484261
484259
484211
484094
484090
484054
483979
483949
483836
483750
483633
483538
483470
483416
483322
483249
482438
482424
482277
482248
482221
482195
482174
482024
482002
481993
481980
481863
481812
481669
481599
481576
481301
481224
481018
480955
480793
480642
480562
480558
480462
480444
480401
480375
480310
480199
480084
479992
479959
479934
479865
479863
479846
479538
479530
479495
479493
479297
479256
478979
478937
478779
478614
478500
478445
478362
478305
478232
478220
478140
478132
478090
478057
478007
477749
477734
477476
477415
477378
477346
477311
477263
477187
477047
476857
476819
476440
476306
476233
475914
475877
475856
475824
475784
475674
475673
475552
475476
475261
475114
475012
474917
474906
474901
474599
474552
474454
474225
474098
474091
473922
473656
473559
473300
473262
473253
473243
473211
473130
473047
472942
472873
472658
472561
472524
472514
472374
472314
472240
472181
472018
471964
471842
471735
471713
471699
471611
471534
471443
471442
471374
471319
471291
471226
471218
471216
471107
471043
470978
470958
470942
470923
470912
470753
470752
470730
470659
470492
470460
470338
470299
470238
470220
470063
469907
469867
469826
469823
469704
469698
469530
469477
469434
469178
468838
468838
468826
468802
468731
468717
468705
468593
468577
468546
468545
468440
468421
468415
468329
468284
468165
467899
467849
467797
467778
467746
467599
467481
467413
467409
467378
466815
466605
466595
466579
466475
466388
466296
466282
466099
466024
465939
465882
465810
465742
465720
465570
465498
465356
465265
465209
465157
465153
465121
465004
464870
464862
464791
464789
464761
464746
464647
464172
464045
463724
463657
463425
463363
463259
463240
463226
462980
462925
462630
462558
462516
462410
462358
462259
462235
462132
462031
461966
461773
461610
461539
461379
461258
461155
461112
461037
460967
460553
460472
460299
460094
459999
459908
459862
459729
459643
459593
459354
459268
459209
459171
459126
458931
458831
458784
458631
458508
458487
458267
458187
458115
458069
458039
457928
457901
457743
457652
457340
457045
456899
456695
456670
456413
456355
456351
456329
456176
456092
456090
456013
455620
455448
455319
455205
455001
454991
454788
454751
454560
454465
454406
454376
454276
454226
454080
454042
453872
453792
453696
453636
453615
453589
453392
453129
452944
452696
452681
452640
452579
452544
452533
452434
452433
452285
452194
452112
452007
451996
451939
451781
451778
451625
451366
451296
451288
451243
451241
450789
450785
450548
450418
450359
450099
450024
449998
449976
449523
449366
449300
449245
449104
448979
448947
448885
448841
448714
448689
448446
448346
448338
448210
448152
448114
447912
447799
447752
447719
447659
447630
447630
447431
447361
447327
447227
447212
447141
447129
447063
447055
446894
446880
446827
446799
446757
446637
446386
446357
446191
445890
445845
445745
445744
445666
445649
445553
445518
445493
445452
445339
445205
445132
445079
444825
444810
444748
444691
444684
444536
444457
444424
444405
444231
444139
444094
444049
444037
444021
443873
443817
443542
443410
443400
443372
443318
443318
443054
442925